50.0 12
50.1 6
50.1 32
50.2 72
50.3 58
50.3 17
50.4 2
50.4 0
50.5 1
50.6 0
50.6 0
50.7 0
50.8 12
50.8 67
50.9 110
50.9 124
51.0 123
51.1 72
51.1 13
51.2 18
51.3 47
51.3 89
51.4 121
51.4 92
51.5 33
51.6 13
51.6 23
51.7 28
51.8 23
51.8 19
51.9 20
51.9 18
52.0 14
52.1 20
52.1 48
52.2 66
52.3 46
52.3 37
52.4 72
52.4 102
52.5 190
52.6 289
52.6 259
52.7 167
52.8 112
52.8 80
52.9 56
52.9 20
53.0 41
53.1 142
53.1 185
53.2 161
53.3 187
53.3 214
53.4 184
53.4 127
53.5 57
53.6 19
53.6 16
53.7 55
53.8 109
53.8 100
53.9 168
53.9 293
54.0 224
54.1 85
54.1 108
54.2 148
54.3 89
54.3 32
54.4 28
54.4 15
54.5 2
54.6 21
54.6 54
54.7 75
54.8 96
54.8 88
54.9 41
54.9 11
55.0 4
55.1 1
55.1 0
55.2 26
55.3 71
55.3 70
55.4 28
55.4 6
55.5 4
55.6 2
55.6 1
55.7 0
55.8 0
55.8 0
55.9 0
55.9 0
56.0 16
56.1 35
56.1 25
56.2 6
56.3 1
56.3 25
56.4 50
56.4 32
56.5 6
56.6 26
56.6 54
56.7 39
56.8 9
56.8 1
56.9 0
56.9 0
57.0 0
57.1 0
57.1 6
57.2 23
57.3 28
57.3 14
57.4 2
57.4 0
57.5 0
57.6 4
57.6 20
57.7 34
57.8 23
57.8 6
57.9 10
57.9 19
58.0 54
58.1 105
58.1 97
58.2 42
58.3 11
58.3 23
58.4 47
58.4 32
58.5 6
58.6 1
58.6 0
58.7 29
58.8 80
58.8 119
58.9 133
58.9 123
59.0 112
59.1 115
59.1 109
59.2 80
59.3 50
59.3 34
59.4 43
59.4 55
59.5 35
59.6 10
59.6 9
59.7 12
59.8 35
59.8 62
59.9 56
59.9 44
60.0 40
60.1 22
60.1 4
60.2 1
60.3 1
60.3 3
60.4 27
60.4 68
60.5 67
60.6 27
60.6 9
60.7 11
60.8 13
60.8 11
60.9 7
60.9 4
61.0 3
61.1 1
61.1 0
61.2 0
61.3 0
61.3 0
61.4 0
61.4 0
61.5 0
61.6 0
61.6 2
61.7 17
61.8 30
61.8 75
61.9 132
61.9 101
62.0 29
62.1 5
62.1 1
62.2 0
62.3 0
62.3 0
62.4 1
62.4 0
62.5 0
62.6 0
62.6 0
62.7 0
62.8 0
62.8 0
62.9 0
62.9 0
63.0 0
63.1 0
63.1 0
63.2 4
63.3 15
63.3 26
63.4 27
63.4 13
63.5 71
63.6 168
63.6 145
63.7 50
63.8 8
63.8 1
63.9 0
63.9 0
64.0 0
64.1 0
64.1 0
64.2 0
64.3 0
64.3 0
64.4 0
64.4 0
64.5 0
64.6 0
64.6 7
64.7 19
64.8 17
64.8 6
64.9 1
64.9 0
65.0 0
65.1 0
65.1 0
65.2 0
65.3 0
65.3 0
65.4 0
65.4 0
65.5 0
65.6 0
65.6 8
65.7 17
65.8 18
65.8 19
65.9 16
65.9 6
66.0 1
66.1 0
66.1 0
66.2 0
66.3 0
66.3 0
66.4 0
66.4 0
66.5 0
66.6 87
66.6 215
66.7 191
66.8 69
66.8 12
66.9 2
66.9 0
67.0 0
67.1 22
67.1 53
67.2 45
67.3 15
67.3 3
67.4 0
67.4 0
67.5 25
67.6 73
67.6 80
67.7 39
67.8 9
67.8 1
67.9 0
67.9 0
68.0 0
68.1 0
68.1 0
68.2 0
68.3 0
68.3 0
68.4 0
68.4 0
68.5 0
68.6 0
68.6 0
68.7 0
68.8 0
68.8 0
68.9 0
68.9 7
69.0 19
69.1 19
69.1 8
69.2 1
69.3 0
69.3 0
69.4 0
69.4 0
69.5 0
69.6 0
69.6 0
69.7 0
69.8 0
69.8 0
69.9 0
69.9 0
70.0 0
70.1 0
70.1 0
70.2 0
70.3 3
70.3 6
70.4 4
70.4 2
70.5 4
70.6 20
70.6 38
70.7 42
70.8 40
70.8 24
70.9 4
70.9 10
71.0 36
71.1 48
71.1 54
71.2 77
71.3 68
71.3 27
71.4 4
71.4 1
71.5 0
71.6 0
71.6 0
71.7 1
71.8 64
71.8 162
71.9 151
71.9 58
72.0 10
72.1 2
72.1 1
72.2 1
72.3 1
72.3 0
72.4 0
72.4 8
72.5 22
72.6 22
72.6 13
72.7 26
72.8 42
72.8 34
72.9 62
72.9 136
73.0 136
73.1 61
73.1 55
73.2 167
73.3 258
73.3 298
73.4 306
73.4 244
73.5 185
73.6 146
73.6 67
73.7 24
73.8 22
73.8 15
73.9 3
73.9 0
74.0 0
74.1 0
74.1 2
74.2 17
74.3 56
74.3 84
74.4 74
74.4 47
74.5 29
74.6 25
74.6 20
74.7 8
74.8 49
74.8 151
74.9 177
74.9 106
75.0 53
75.1 30
75.1 13
75.2 8
75.3 3
75.3 31
75.4 80
75.4 75
75.5 61
75.6 89
75.6 81
75.7 47
75.8 40
75.8 27
75.9 7
75.9 1
76.0 0
76.1 0
76.1 0
76.2 31
76.3 96
76.3 111
76.4 60
76.4 18
76.5 9
76.6 8
76.6 73
76.7 153
76.8 116
76.8 82
76.9 120
76.9 88
77.0 23
77.1 9
77.1 14
77.2 12
77.3 5
77.3 2
77.4 3
77.4 2
77.5 0
77.6 0
77.6 0
77.7 0
77.8 0
77.8 0
77.9 0
77.9 0
78.0 38
78.1 92
78.1 86
78.2 39
78.3 12
78.3 2
78.4 0
78.4 0
78.5 24
78.6 66
78.6 77
78.7 47
78.8 17
78.8 3
78.9 29
78.9 83
79.0 108
79.1 85
79.1 43
79.2 16
79.3 37
79.3 96
79.4 110
79.4 55
79.5 10
79.6 1
79.6 2
79.7 41
79.8 151
79.8 206
79.9 117
79.9 25
80.0 38
80.1 106
80.1 127
80.2 100
80.3 122
80.3 157
80.4 123
80.4 51
80.5 8
80.6 1
80.6 36
80.7 97
80.8 98
80.8 45
80.9 70
80.9 141
81.0 120
81.1 51
81.1 19
81.2 7
81.3 6
81.3 5
81.4 77
81.4 164
81.5 119
81.6 28
81.6 12
81.7 15
81.8 10
81.8 29
81.9 56
81.9 37
82.0 6
82.1 1
82.1 0
82.2 0
82.3 3
82.3 7
82.4 5
82.4 24
82.5 57
82.6 50
82.6 18
82.7 3
82.8 0
82.8 0
82.9 0
82.9 0
83.0 1
83.1 2
83.1 1
83.2 0
83.3 0
83.3 13
83.4 40
83.4 44
83.5 20
83.6 3
83.6 10
83.7 26
83.8 24
83.8 12
83.9 23
83.9 36
84.0 53
84.1 70
84.1 105
84.2 162
84.3 148
84.3 67
84.4 37
84.4 33
84.5 15
84.6 2
84.6 0
84.7 1
84.8 6
84.8 14
84.9 19
84.9 16
85.0 7
85.1 18
85.1 39
85.2 30
85.3 11
85.3 6
85.4 4
85.4 1
85.5 0
85.6 0
85.6 1
85.7 4
85.8 4
85.8 6
85.9 17
85.9 21
86.0 10
86.1 1
86.1 0
86.2 2
86.3 5
86.3 4
86.4 22
86.4 54
86.5 51
86.6 20
86.6 2
86.7 0
86.8 3
86.8 8
86.9 10
86.9 8
87.0 4
87.1 11
87.1 32
87.2 38
87.3 64
87.3 99
87.4 66
87.4 14
87.5 2
87.6 0
87.6 17
87.7 67
87.8 115
87.8 110
87.9 155
87.9 223
88.0 208
88.1 168
88.1 234
88.2 352
88.3 323
88.3 242
88.4 259
88.4 213
88.5 324
88.6 582
88.6 541
88.7 317
88.8 250
88.8 250
88.9 216
88.9 256
89.0 317
89.1 245
89.1 206
89.2 293
89.3 581
89.3 786
89.4 540
89.4 216
89.5 117
89.6 78
89.6 96
89.7 103
89.8 102
89.8 120
89.9 149
89.9 164
90.0 119
90.1 50
90.1 113
90.2 268
90.3 318
90.3 236
90.4 217
90.4 256
90.5 235
90.6 156
90.6 101
90.7 83
90.8 63
90.8 30
90.9 48
90.9 92
91.0 104
91.1 146
91.1 213
91.2 168
91.3 59
91.3 171
91.4 390
91.4 340
91.5 129
91.6 61
91.6 161
91.7 321
91.8 432
91.8 475
91.9 375
91.9 167
92.0 142
92.1 273
92.1 306
92.2 260
92.3 192
92.3 81
92.4 14
92.4 5
92.5 8
92.6 8
92.6 3
92.7 130
92.8 279
92.8 205
92.9 59
92.9 17
93.0 2
93.1 30
93.1 72
93.2 253
93.3 483
93.3 409
93.4 202
93.4 202
93.5 276
93.6 256
93.6 173
93.7 121
93.8 104
93.8 118
93.9 176
93.9 180
94.0 118
94.1 111
94.1 144
94.2 141
94.3 184
94.3 259
94.4 231
94.4 234
94.5 346
94.6 335
94.6 193
94.7 92
94.8 64
94.8 126
94.9 165
94.9 169
95.0 213
95.1 238
95.1 227
95.2 187
95.3 126
95.3 102
95.4 70
95.4 23
95.5 23
95.6 41
95.6 28
95.7 31
95.8 63
95.8 58
95.9 32
95.9 18
96.0 7
96.1 1
96.1 13
96.2 58
96.3 103
96.3 91
96.4 43
96.4 32
96.5 100
96.6 164
96.6 211
96.7 309
96.8 385
96.8 327
96.9 273
96.9 305
97.0 302
97.1 310
97.1 334
97.2 206
97.3 152
97.3 281
97.4 316
97.4 197
97.5 81
97.6 63
97.6 88
97.7 73
97.8 51
97.8 43
97.9 31
97.9 21
98.0 46
98.1 92
98.1 99
98.2 81
98.3 95
98.3 108
98.4 68
98.4 22
98.5 124
98.6 252
98.6 200
98.7 106
98.8 196
98.8 292
98.9 197
98.9 51
99.0 10
99.1 6
99.1 23
99.2 48
99.3 45
99.3 37
99.4 48
99.4 103
99.5 190
99.6 185
99.6 84
99.7 25
99.8 15
99.8 9
99.9 1
99.9 0
100.0 0
100.1 4
100.1 17
100.2 25
100.3 45
100.3 90
100.4 91
100.4 39
100.5 7
100.6 1
100.6 0
100.7 0
100.8 0
100.8 20
100.9 49
100.9 72
101.0 74
101.1 140
101.1 243
101.2 204
101.3 100
101.3 91
101.4 108
101.4 205
101.5 492
101.6 668
101.6 535
101.7 362
101.8 278
101.8 212
101.9 146
101.9 107
102.0 121
102.1 93
102.1 97
102.2 181
102.3 184
102.3 99
102.4 33
102.4 13
102.5 24
102.6 33
102.6 46
102.7 54
102.8 49
102.8 96
102.9 139
102.9 112
103.0 128
103.1 218
103.1 272
103.2 288
103.3 261
103.3 159
103.4 53
103.4 17
103.5 10
103.6 5
103.6 2
103.7 9
103.8 42
103.8 78
103.9 75
103.9 69
104.0 73
104.1 47
104.1 12
104.2 72
104.3 164
104.3 136
104.4 61
104.4 61
104.5 65
104.6 36
104.6 60
104.7 179
104.8 262
104.8 214
104.9 135
104.9 91
105.0 43
105.1 46
105.1 98
105.2 140
105.3 177
105.3 222
105.4 331
105.4 401
105.5 324
105.6 235
105.6 160
105.7 65
105.8 16
105.8 6
105.9 2
105.9 1
106.0 0
106.1 5
106.1 14
106.2 19
106.3 19
106.3 12
106.4 3
106.4 0
106.5 0
106.6 2
106.6 6
106.7 6
106.8 2
106.8 0
106.9 0
106.9 1
107.0 10
107.1 72
107.1 275
107.2 969
107.3 2094
107.3 2616
107.4 2144
107.4 1392
107.5 857
107.6 598
107.6 458
107.7 365
107.8 374
107.8 368
107.9 263
107.9 115
108.0 22
108.1 4
108.1 28
108.2 59
108.3 42
108.3 33
108.4 62
108.4 57
108.5 25
108.6 15
108.6 13
108.7 6
108.8 1
108.8 0
108.9 2
108.9 5
109.0 5
109.1 16
109.1 88
109.2 141
109.3 90
109.3 29
109.4 14
109.4 5
109.5 13
109.6 72
109.6 177
109.7 233
109.8 232
109.8 197
109.9 125
109.9 78
110.0 99
110.1 217
110.1 424
110.2 484
110.3 424
110.3 408
110.4 328
110.4 222
110.5 223
110.6 212
110.6 150
110.7 136
110.8 161
110.8 172
110.9 350
110.9 873
111.0 1836
111.1 2930
111.1 3273
111.2 2452
111.3 1276
111.3 550
111.4 239
111.4 105
111.5 96
111.6 90
111.6 57
111.7 27
111.8 258
111.8 537
111.9 446
111.9 218
112.0 170
112.1 209
112.1 261
112.2 243
112.3 158
112.3 57
112.4 48
112.4 139
112.5 218
112.6 180
112.6 132
112.7 178
112.8 200
112.8 168
112.9 238
112.9 1009
113.0 2408
113.1 2945
113.1 2333
113.2 1652
113.3 1016
113.3 524
113.4 382
113.4 254
113.5 172
113.6 322
113.6 405
113.7 279
113.8 146
113.8 129
113.9 222
113.9 703
114.0 1714
114.1 2665
114.1 2902
114.2 2324
114.3 1545
114.3 1218
114.4 1171
114.4 1216
114.5 1695
114.6 2289
114.6 2656
114.7 3154
114.8 3596
114.8 4441
114.9 10457
114.9 32418
115.0 70851
115.1 98330
115.1 89493
115.2 56567
115.3 27028
115.3 11187
115.4 4674
115.4 2061
115.5 1174
115.6 976
115.6 738
115.7 456
115.8 323
115.8 508
115.9 1250
115.9 3659
116.0 8566
116.1 12562
116.1 11431
116.2 7108
116.3 3666
116.3 1894
116.4 1513
116.4 2265
116.5 3170
116.6 3604
116.6 3819
116.7 4113
116.8 4324
116.8 5295
116.9 12370
116.9 37907
117.0 88277
117.1 134363
117.1 133807
117.2 91332
117.3 46210
117.3 19364
117.4 8051
117.4 3785
117.5 1821
117.6 933
117.6 537
117.7 374
117.8 253
117.8 163
117.9 341
117.9 1175
118.0 2819
118.1 4517
118.1 4612
118.2 3014
118.3 1646
118.3 1438
118.4 1717
118.4 1995
118.5 2345
118.6 3210
118.6 4839
118.7 6151
118.8 6579
118.8 8485
118.9 17734
118.9 50109
119.0 119738
119.1 194382
119.1 207974
119.2 150455
119.3 78506
119.3 33402
119.4 13312
119.4 5370
119.5 2298
119.6 1042
119.6 403
119.7 255
119.8 393
119.8 609
119.9 1194
119.9 2281
120.0 3635
120.1 4966
120.1 5249
120.2 3899
120.3 2208
120.3 1482
120.4 1536
120.4 1848
120.5 2353
120.6 3069
120.6 3798
120.7 4375
120.8 4924
120.8 6511
120.9 14529
120.9 42278
121.0 100416
121.1 160296
121.1 168102
121.2 119500
121.3 61248
121.3 25089
121.4 9845
121.4 4279
121.5 2080
121.6 1193
121.6 774
121.7 467
121.8 317
121.8 362
121.9 560
121.9 1003
122.0 2110
122.1 3823
122.1 4726
122.2 3944
122.3 2459
122.3 1297
122.4 816
122.4 952
122.5 1400
122.6 1713
122.6 1731
122.7 1856
122.8 2302
122.8 4012
122.9 10892
122.9 28363
123.0 55671
123.1 76685
123.1 72594
123.2 48460
123.3 24556
123.3 10123
123.4 3437
123.4 1072
123.5 312
123.6 110
123.6 114
123.7 108
123.8 58
123.8 23
123.9 179
123.9 760
124.0 1608
124.1 2128
124.1 1912
124.2 1214
124.3 584
124.3 310
124.4 260
124.4 210
124.5 175
124.6 259
124.6 424
124.7 514
124.8 453
124.8 467
124.9 916
124.9 2409
125.0 5422
125.1 8108
125.1 7432
125.2 4156
125.3 1596
125.3 604
125.4 264
125.4 116
125.5 41
125.6 10
125.6 3
125.7 20
125.8 60
125.8 139
125.9 371
125.9 935
126.0 1738
126.1 2105
126.1 1711
126.2 1065
126.3 561
126.3 273
126.4 200
126.4 217
126.5 245
126.6 339
126.6 623
126.7 975
126.8 1061
126.8 1221
126.9 2913
126.9 7491
127.0 12742
127.1 13981
127.1 10726
127.2 6464
127.3 3363
127.3 1980
127.4 1954
127.4 2413
127.5 3093
127.6 4106
127.6 4735
127.7 4532
127.8 5557
127.8 11185
127.9 31495
127.9 82991
128.0 152331
128.1 185212
128.1 151193
128.2 85770
128.3 37385
128.3 15235
128.4 6991
128.4 4665
128.5 4309
128.6 4194
128.6 3886
128.7 3886
128.8 4963
128.8 9151
128.9 26246
128.9 73458
129.0 142772
129.1 180469
129.1 150528
129.2 87453
129.3 39476
129.3 15862
129.4 6294
129.4 2818
129.5 1456
129.6 945
129.6 703
129.7 589
129.8 617
129.8 905
129.9 2752
129.9 9217
130.0 19882
130.1 26186
130.1 22526
130.2 14197
130.3 7350
130.3 3546
130.4 2678
130.4 3895
130.5 5781
130.6 7141
130.6 8038
130.7 8816
130.8 9962
130.8 16391
130.9 45627
130.9 129384
131.0 267610
131.1 367378
131.1 333558
131.2 208167
131.3 97869
131.3 39663
131.4 15391
131.4 6104
131.5 2810
131.6 1657
131.6 1138
131.7 753
131.8 597
131.8 916
131.9 2231
131.9 5596
132.0 9911
132.1 12719
132.1 12194
132.2 8628
132.3 4790
132.3 2675
132.4 2240
132.4 3143
132.5 4149
132.6 4545
132.6 4865
132.7 5640
132.8 7419
132.8 12783
132.9 33873
132.9 92181
133.0 190691
133.1 270083
133.1 255340
133.2 163967
133.3 77167
133.3 30502
133.4 11565
133.4 4738
133.5 2408
133.6 1588
133.6 1115
133.7 605
133.8 436
133.8 631
133.9 1379
133.9 3057
134.0 5128
134.1 6637
134.1 6739
134.2 5267
134.3 3235
134.3 1840
134.4 1670
134.4 2425
134.5 3207
134.6 3643
134.6 3973
134.7 4606
134.8 6202
134.8 10157
134.9 25724
134.9 72248
135.0 156229
135.1 233680
135.1 235498
135.2 161098
135.3 79070
135.3 31491
135.4 11689
135.4 4532
135.5 2140
135.6 1361
135.6 899
135.7 551
135.8 413
135.8 513
135.9 944
135.9 2465
136.0 5159
136.1 7213
136.1 6975
136.2 4920
136.3 2797
136.3 1726
136.4 1769
136.4 2185
136.5 2253
136.6 2492
136.6 3273
136.7 4567
136.8 7549
136.8 13773
136.9 29797
136.9 64449
137.0 107010
137.1 122073
137.1 93718
137.2 50198
137.3 21299
137.3 8423
137.4 3451
137.4 1656
137.5 1054
137.6 810
137.6 559
137.7 478
137.8 521
137.8 515
137.9 654
137.9 1264
138.0 2357
138.1 3020
138.1 2486
138.2 1475
138.3 878
138.3 642
138.4 600
138.4 810
138.5 940
138.6 767
138.6 576
138.7 541
138.8 762
138.8 1882
138.9 6005
138.9 14838
139.0 24862
139.1 27725
139.1 21074
139.2 11707
139.3 5312
139.3 2167
139.4 1022
139.4 596
139.5 327
139.6 142
139.6 56
139.7 22
139.8 38
139.8 98
139.9 368
139.9 745
140.0 940
140.1 977
140.1 880
140.2 664
140.3 548
140.3 637
140.4 819
140.4 1044
140.5 1484
140.6 1884
140.6 2063
140.7 2391
140.8 4046
140.8 9985
140.9 29913
140.9 74193
141.0 126177
141.1 141315
141.1 104960
141.2 53872
141.3 21440
141.3 8136
141.4 3887
141.4 2351
141.5 1679
141.6 1545
141.6 1536
141.7 1813
141.8 2625
141.8 5458
141.9 16695
141.9 43272
142.0 75511
142.1 86697
142.1 66773
142.2 36242
142.3 15524
142.3 6464
142.4 3849
142.4 3657
142.5 3930
142.6 4473
142.6 5441
142.7 7133
142.8 10935
142.8 22466
142.9 64233
142.9 170880
143.0 313712
143.1 373739
143.1 294329
143.2 161696
143.3 68589
143.3 25838
143.4 9980
143.4 4557
143.5 2715
143.6 1692
143.6 1171
143.7 1283
143.8 1766
143.8 2951
143.9 6920
143.9 16523
144.0 28955
144.1 34071
144.1 27345
144.2 15832
144.3 7448
144.3 3829
144.4 3298
144.4 4093
144.5 5383
144.6 7010
144.6 8460
144.7 10942
144.8 17365
144.8 34663
144.9 91445
144.9 238032
145.0 452944
145.1 570499
145.1 474564
145.2 272259
145.3 118980
145.3 45811
145.4 18125
145.4 8062
145.5 3985
145.6 2060
145.6 1146
145.7 933
145.8 1339
145.8 2018
145.9 4057
145.9 9088
146.0 16482
146.1 20402
146.1 16747
146.2 10006
146.3 5188
146.3 3090
146.4 2903
146.4 3342
146.5 4061
146.6 4905
146.6 5804
146.7 7284
146.8 11549
146.8 26005
146.9 72652
146.9 184914
147.0 340552
147.1 422811
147.1 354762
147.2 208773
147.3 93238
147.3 35912
147.4 13812
147.4 5685
147.5 2516
147.6 1495
147.6 1176
147.7 1138
147.8 1232
147.8 1393
147.9 2238
147.9 4538
148.0 7910
148.1 10401
148.1 9612
148.2 6000
148.3 2664
148.3 1273
148.4 1192
148.4 1460
148.5 1539
148.6 1751
148.6 2362
148.7 3692
148.8 6660
148.8 14055
148.9 34193
148.9 79730
149.0 143823
149.1 182450
149.1 160413
149.2 100046
149.3 46633
149.3 17726
149.4 6297
149.4 2537
149.5 1340
149.6 956
149.6 822
149.7 533
149.8 319
149.8 738
149.9 1525
149.9 2625
150.0 4152
150.1 5167
150.1 4450
150.2 2599
150.3 1126
150.3 596
150.4 612
150.4 798
150.5 914
150.6 1028
150.6 1082
150.7 1141
150.8 2042
150.8 4792
150.9 12570
150.9 27599
151.0 41927
151.1 42654
151.1 29798
151.2 15368
151.3 6748
151.3 2717
151.4 1134
151.4 824
151.5 743
151.6 448
151.6 196
151.7 344
151.8 1103
151.8 2536
151.9 5826
151.9 12140
152.0 17855
152.1 17267
152.1 11113
152.2 5115
152.3 2038
152.3 903
152.4 573
152.4 669
152.5 984
152.6 1371
152.6 1679
152.7 2108
152.8 3777
152.8 9432
152.9 23816
152.9 49477
153.0 71742
153.1 68268
153.1 42974
153.2 19311
153.3 7244
153.3 2678
153.4 1187
153.4 930
153.5 752
153.6 412
153.6 355
153.7 621
153.8 1013
153.8 2062
153.9 6287
153.9 16086
154.0 27005
154.1 28541
154.1 19270
154.2 9113
154.3 4010
154.3 2360
154.4 2192
154.4 2302
154.5 2145
154.6 2164
154.6 2866
154.7 4110
154.8 6943
154.8 18275
154.9 54273
154.9 130813
155.0 211314
155.1 221399
155.1 155638
155.2 78687
155.3 31273
155.3 11193
155.4 4266
155.4 2147
155.5 1566
155.6 1192
155.6 867
155.7 856
155.8 1160
155.8 2285
155.9 6247
155.9 15244
156.0 25850
156.1 29104
156.1 21989
156.2 11925
156.3 5562
156.3 2859
156.4 2118
156.4 2690
156.5 3356
156.6 3886
156.6 4921
156.7 6768
156.8 11724
156.8 29067
156.9 82216
156.9 207638
157.0 370345
157.1 432854
157.1 335642
157.2 182780
157.3 76890
157.3 28079
157.4 10450
157.4 4765
157.5 2610
157.6 1843
157.6 1417
157.7 993
157.8 1209
157.8 2354
157.9 5486
157.9 13095
158.0 21895
158.1 23479
158.1 17033
158.2 9329
158.3 4452
158.3 2430
158.4 2342
158.4 3397
158.5 4669
158.6 5815
158.6 7280
158.7 9491
158.8 14896
158.8 34446
158.9 98802
158.9 254193
159.0 475767
159.1 596265
159.1 496600
159.2 284789
159.3 123217
159.3 46391
159.4 17272
159.4 6728
159.5 3309
159.6 2301
159.6 1915
159.7 1612
159.8 1539
159.8 2174
159.9 4797
159.9 10880
160.0 18705
160.1 22227
160.1 17994
160.2 10692
160.3 5535
160.3 3035
160.4 2369
160.4 2361
160.5 2180
160.6 2608
160.6 4177
160.7 6919
160.8 11415
160.8 24073
160.9 66720
160.9 166414
161.0 304130
161.1 384965
161.1 332894
161.2 199179
161.3 88313
161.3 33809
161.4 12795
161.4 4997
161.5 2334
161.6 1669
161.6 1331
161.7 991
161.8 888
161.8 1135
161.9 2779
161.9 6096
162.0 9996
162.1 12580
162.1 11177
162.2 6777
162.3 3307
162.3 1770
162.4 1188
162.4 1119
162.5 1350
162.6 1602
162.6 1665
162.7 1945
162.8 2899
162.8 6549
162.9 18179
162.9 41298
163.0 68165
163.1 78463
163.1 62193
163.2 34779
163.3 14884
163.3 5612
163.4 2279
163.4 1072
163.5 571
163.6 335
163.6 236
163.7 227
163.8 261
163.8 358
163.9 651
163.9 1326
164.0 2207
164.1 2627
164.1 2400
164.2 1756
164.3 1000
164.3 637
164.4 749
164.4 897
164.5 1059
164.6 1340
164.6 1688
164.7 2486
164.8 5677
164.8 16516
164.9 46118
164.9 98509
165.0 141314
165.1 133547
165.1 85295
165.2 38866
165.3 13936
165.3 4765
165.4 1873
165.4 1006
165.5 663
165.6 555
165.6 491
165.7 509
165.8 950
165.8 2389
165.9 7296
165.9 16682
166.0 24384
166.1 22934
166.1 14392
166.2 6563
166.3 2658
166.3 1233
166.4 1047
166.4 1396
166.5 1695
166.6 1958
166.6 2689
166.7 4274
166.8 7708
166.8 19337
166.9 55976
166.9 120806
167.0 171576
167.1 160590
167.1 102657
167.2 47992
167.3 18231
167.3 6528
167.4 2833
167.4 1382
167.5 774
167.6 526
167.6 428
167.7 505
167.8 1021
167.8 2632
167.9 7183
167.9 16199
168.0 25054
168.1 25282
168.1 17056
168.2 8332
168.3 3541
168.3 1899
168.4 1605
168.4 1527
168.5 1478
168.6 1836
168.6 2831
168.7 4735
168.8 9702
168.8 24790
168.9 67194
168.9 156276
169.0 254984
169.1 272872
169.1 192763
169.2 95087
169.3 36957
169.3 13268
169.4 4988
169.4 2317
169.5 1299
169.6 800
169.6 694
169.7 686
169.8 989
169.8 2463
169.9 6086
169.9 12512
170.0 17512
170.1 16340
170.1 11494
170.2 6893
170.3 3582
170.3 2238
170.4 2399
170.4 2669
170.5 2745
170.6 3323
170.6 4577
170.7 6991
170.8 13112
170.8 31897
170.9 85907
170.9 206348
171.0 356131
171.1 407000
171.1 308375
171.2 162296
171.3 65351
171.3 23173
171.4 8274
171.4 3434
171.5 2005
171.6 1718
171.6 1563
171.7 1262
171.8 1244
171.8 1895
171.9 3764
171.9 8353
172.0 14791
172.1 17161
172.1 12744
172.2 6836
172.3 3602
172.3 2334
172.4 2055
172.4 2226
172.5 2201
172.6 2216
172.6 2942
172.7 5054
172.8 10144
172.8 23488
172.9 65345
172.9 156297
173.0 264201
173.1 303126
173.1 236669
173.2 129565
173.3 54060
173.3 19510
173.4 7003
173.4 2846
173.5 1400
173.6 932
173.6 667
173.7 624
173.8 930
173.8 1521
173.9 2702
173.9 5289
174.0 9339
174.1 11451
174.1 9114
174.2 5197
174.3 2924
174.3 2095
174.4 1788
174.4 1685
174.5 1741
174.6 1806
174.6 2344
174.7 4018
174.8 7623
174.8 19417
174.9 54256
174.9 123770
175.0 199586
175.1 220880
175.1 170083
175.2 93696
175.3 38544
175.3 13582
175.4 5234
175.4 2233
175.5 868
175.6 352
175.6 248
175.7 294
175.8 425
175.8 783
175.9 1528
175.9 3212
176.0 5854
176.1 7052
176.1 5348
176.2 2879
176.3 1580
176.3 1100
176.4 781
176.4 630
176.5 792
176.6 1176
176.6 1657
176.7 2232
176.8 3559
176.8 7964
176.9 22853
176.9 53459
177.0 84574
177.1 89618
177.1 64032
177.2 31331
177.3 11687
177.3 4195
177.4 1472
177.4 543
177.5 309
177.6 397
177.6 402
177.7 387
177.8 814
177.8 2576
177.9 7518
177.9 15894
178.0 21846
178.1 19500
178.1 11881
178.2 5386
178.3 2040
178.3 886
178.4 668
178.4 684
178.5 672
178.6 866
178.6 1442
178.7 2500
178.8 4369
178.8 9873
178.9 27402
178.9 62245
179.0 92786
179.1 88134
179.1 55841
179.2 26339
179.3 10613
179.3 4297
179.4 1970
179.4 795
179.5 415
179.6 400
179.6 418
179.7 503
179.8 680
179.8 1796
179.9 5128
179.9 11403
180.0 17022
180.1 16390
180.1 10487
180.2 4905
180.3 2043
180.3 1063
180.4 653
180.4 602
180.5 946
180.6 1422
180.6 2009
180.7 3169
180.8 6381
180.8 17472
180.9 52331
180.9 120464
181.0 182318
181.1 179344
181.1 118253
181.2 55684
181.3 21473
181.3 8666
181.4 3995
181.4 1918
181.5 1013
181.6 763
181.6 807
181.7 1062
181.8 1676
181.8 3526
181.9 8596
181.9 18688
182.0 27432
182.1 25846
182.1 16666
182.2 8262
182.3 3546
182.3 1834
182.4 1353
182.4 1373
182.5 1719
182.6 2392
182.6 3375
182.7 5135
182.8 11075
182.8 30924
182.9 89725
182.9 204704
183.0 323321
183.1 341341
183.1 241952
183.2 120239
183.3 46915
183.3 16794
183.4 6580
183.4 3011
183.5 1967
183.6 1622
183.6 1109
183.7 830
183.8 1161
183.8 1916
183.9 4742
183.9 11394
184.0 18553
184.1 19427
184.1 13675
184.2 7620
184.3 4355
184.3 2643
184.4 1719
184.4 1421
184.5 1662
184.6 2412
184.6 3603
184.7 5730
184.8 10607
184.8 25914
184.9 74262
184.9 177683
185.0 297426
185.1 332891
185.1 251145
185.2 133830
185.3 55160
185.3 19466
185.4 6921
185.4 3197
185.5 2027
185.6 1509
185.6 1163
185.7 976
185.8 973
185.8 1509
185.9 3580
185.9 8033
186.0 13897
186.1 16399
186.1 12638
186.2 6662
186.3 2818
186.3 1186
186.4 815
186.4 945
186.5 1129
186.6 1526
186.6 2722
186.7 4368
186.8 7539
186.8 18381
186.9 52141
186.9 121739
187.0 196526
187.1 212688
187.1 157490
187.2 83790
187.3 35000
187.3 13179
187.4 5225
187.4 2181
187.5 751
187.6 374
187.6 482
187.7 552
187.8 475
187.8 576
187.9 1630
187.9 3737
188.0 6002
188.1 6976
188.1 5767
188.2 3463
188.3 1766
188.3 969
188.4 692
188.4 672
188.5 769
188.6 915
188.6 1377
188.7 2651
188.8 5694
188.8 14251
188.9 36323
188.9 82547
189.0 139923
189.1 160914
189.1 126007
189.2 71314
189.3 31115
189.3 10871
189.4 3611
189.4 1398
189.5 665
189.6 555
189.6 547
189.7 412
189.8 308
189.8 648
189.9 2141
189.9 4716
190.0 6697
190.1 6548
190.1 4966
190.2 3259
190.3 1830
190.3 962
190.4 665
190.4 557
190.5 677
190.6 941
190.6 1212
190.7 1829
190.8 3784
190.8 10744
190.9 31841
190.9 70325
191.0 102246
191.1 96746
191.1 61143
191.2 27735
191.3 10363
191.3 3756
191.4 1573
191.4 802
191.5 409
191.6 328
191.6 355
191.7 480
191.8 943
191.8 2487
191.9 7044
191.9 14905
192.0 20820
192.1 18732
192.1 10777
192.2 4283
192.3 1742
192.3 965
192.4 593
192.4 424
192.5 553
192.6 1018
192.6 1569
192.7 2405
192.8 5380
192.8 15152
192.9 43018
192.9 92651
193.0 131179
193.1 120138
193.1 73747
193.2 33065
193.3 12684
193.3 5139
193.4 2326
193.4 977
193.5 456
193.6 372
193.6 450
193.7 644
193.8 916
193.8 2000
193.9 5179
193.9 11121
194.0 16318
194.1 15658
194.1 10130
194.2 4744
194.3 1791
194.3 889
194.4 1077
194.4 1456
194.5 1417
194.6 1633
194.6 2599
194.7 4167
194.8 9161
194.8 26228
194.9 74050
194.9 165056
195.0 254534
195.1 260139
195.1 177954
195.2 86549
195.3 33879
195.3 12240
195.4 4776
195.4 2205
195.5 1367
195.6 1241
195.6 1180
195.7 1000
195.8 1072
195.8 2152
195.9 6009
195.9 13926
196.0 21276
196.1 20895
196.1 13900
196.2 7049
196.3 3264
196.3 1774
196.4 1312
196.4 1324
196.5 1591
196.6 1997
196.6 3127
196.7 5822
196.8 12394
196.8 33771
196.9 98856
196.9 233722
197.0 385740
197.1 426882
197.1 317696
197.2 164746
197.3 65294
197.3 22874
197.4 8071
197.4 3295
197.5 1815
197.6 1398
197.6 1389
197.7 1386
197.8 1568
197.8 2368
197.9 5521
197.9 12767
198.0 20740
198.1 22448
198.1 16614
198.2 8927
198.3 4018
198.3 1943
198.4 1362
198.4 1342
198.5 1469
198.6 1725
198.6 3004
198.7 5540
198.8 10551
198.8 27167
198.9 75233
198.9 171935
199.0 281661
199.1 314206
199.1 238511
199.2 127882
199.3 52920
199.3 19421
199.4 7278
199.4 3030
199.5 1395
199.6 994
199.6 952
199.7 733
199.8 693
199.8 1628
199.9 3950
199.9 7958
200.0 12429
200.1 13549
200.1 10088
200.2 5597
200.3 3083
200.3 2193
200.4 1567
200.4 1193
200.5 1414
200.6 1885
200.6 3079
200.7 5704
200.8 11015
200.8 28051
200.9 74599
200.9 161135
201.0 254037
201.1 280377
201.1 215892
201.2 119379
201.3 50205
201.3 17532
201.4 5986
201.4 2365
201.5 1069
201.6 690
201.6 453
201.7 383
201.8 520
201.8 1357
201.9 4343
201.9 9063
202.0 12844
202.1 12229
202.1 7688
202.2 3733
202.3 2136
202.3 1512
202.4 1158
202.4 960
202.5 1023
202.6 1145
202.6 1546
202.7 2889
202.8 5890
202.8 14761
202.9 39920
202.9 87060
203.0 133436
203.1 137882
203.1 96445
203.2 48133
203.3 19253
203.3 7181
203.4 2963
203.4 1336
203.5 613
203.6 441
203.6 387
203.7 308
203.8 471
203.8 1224
203.9 3035
203.9 6230
204.0 9008
204.1 8633
204.1 5696
204.2 2847
204.3 1148
204.3 445
204.4 321
204.4 333
204.5 391
204.6 692
204.6 1169
204.7 1894
204.8 4037
204.8 10395
204.9 27012
204.9 57096
205.0 82718
205.1 79066
205.1 51274
205.2 24220
205.3 9215
205.3 3285
205.4 1344
205.4 706
205.5 428
205.6 262
205.6 210
205.7 309
205.8 695
205.8 2541
205.9 6850
205.9 13083
206.0 17828
206.1 16493
206.1 10027
206.2 4204
206.3 1565
206.3 796
206.4 578
206.4 610
206.5 715
206.6 835
206.6 1272
206.7 2628
206.8 6184
206.8 18363
206.9 54704
206.9 123991
207.0 188630
207.1 188823
207.1 127473
207.2 61577
207.3 23268
207.3 8062
207.4 3359
207.4 1714
207.5 951
207.6 523
207.6 348
207.7 471
207.8 704
207.8 1782
207.9 4941
207.9 11064
208.0 17793
208.1 19375
208.1 14022
208.2 6795
208.3 2451
208.3 1049
208.4 833
208.4 1005
208.5 1070
208.6 1123
208.6 1804
208.7 3806
208.8 8823
208.8 22999
208.9 64428
208.9 148933
209.0 241975
209.1 263945
209.1 193190
209.2 98036
209.3 38177
209.3 13488
209.4 4933
209.4 2128
209.5 1259
209.6 740
209.6 490
209.7 655
209.8 1053
209.8 1812
209.9 4208
209.9 9560
210.0 16092
210.1 17868
210.1 13114
210.2 7130
210.3 3425
210.3 1641
210.4 1150
210.4 1082
210.5 1030
210.6 1278
210.6 2155
210.7 4574
210.8 10200
210.8 26012
210.9 74382
210.9 180492
211.0 308054
211.1 350374
211.1 266588
211.2 141988
211.3 59255
211.3 22555
211.4 8566
211.4 3713
211.5 2138
211.6 1256
211.6 831
211.7 847
211.8 1175
211.8 1927
211.9 4008
211.9 8719
212.0 14452
212.1 16701
212.1 13514
212.2 7994
212.3 3881
212.3 1753
212.4 788
212.4 616
212.5 814
212.6 1337
212.6 2563
212.7 5030
212.8 9696
212.8 21922
212.9 61667
212.9 149690
213.0 260474
213.1 311809
213.1 255825
213.2 147276
213.3 64429
213.3 24357
213.4 8761
213.4 3204
213.5 1395
213.6 851
213.6 668
213.7 688
213.8 764
213.8 1178
213.9 2910
213.9 6830
214.0 11919
214.1 14922
214.1 13230
214.2 8307
214.3 3939
214.3 1938
214.4 1383
214.4 1228
214.5 1254
214.6 1442
214.6 1912
214.7 3580
214.8 7338
214.8 17773
214.9 49670
214.9 118690
215.0 203753
215.1 243378
215.1 203628
215.2 121238
215.3 53331
215.3 19627
215.4 7465
215.4 3068
215.5 1309
215.6 885
215.6 745
215.7 539
215.8 470
215.8 1139
215.9 3357
215.9 7772
216.0 12472
216.1 13861
216.1 10791
216.2 6027
216.3 2897
216.3 1627
216.4 820
216.4 393
216.5 350
216.6 455
216.6 738
216.7 1460
216.8 3775
216.8 11207
216.9 30863
216.9 69515
217.0 111430
217.1 119725
217.1 86987
217.2 44987
217.3 17747
217.3 5888
217.4 2212
217.4 1265
217.5 908
217.6 560
217.6 361
217.7 420
217.8 606
217.8 1671
217.9 4687
217.9 9307
218.0 12875
218.1 12372
218.1 8277
218.2 4110
218.3 1803
218.3 870
218.4 565
218.4 445
218.5 494
218.6 730
218.6 1009
218.7 1737
218.8 4377
218.8 13391
218.9 38563
218.9 82962
219.0 120766
219.1 115938
219.1 74326
219.2 34064
219.3 12888
219.3 4450
219.4 1604
219.4 899
219.5 740
219.6 638
219.6 594
219.7 655
219.8 888
219.8 1701
219.9 4249
219.9 9081
220.0 13987
220.1 14606
220.1 10210
220.2 5161
220.3 2389
220.3 1265
220.4 851
220.4 680
220.5 689
220.6 915
220.6 1658
220.7 3643
220.8 8287
220.8 22631
220.9 66841
220.9 154706
221.0 241378
221.1 247786
221.1 169716
221.2 81494
221.3 31200
221.3 11645
221.4 4986
221.4 2826
221.5 1765
221.6 1040
221.6 650
221.7 525
221.8 703
221.8 1711
221.9 4936
221.9 11845
222.0 18906
222.1 19378
222.1 13379
222.2 6787
222.3 2743
222.3 1135
222.4 797
222.4 779
222.5 771
222.6 964
222.6 1698
222.7 3330
222.8 7849
222.8 22085
222.9 64832
222.9 159642
223.0 273258
223.1 308814
223.1 234673
223.2 126119
223.3 51905
223.3 18830
223.4 7332
223.4 2968
223.5 1363
223.6 924
223.6 690
223.7 486
223.8 563
223.8 1407
223.9 3791
223.9 9332
224.0 16843
224.1 20441
224.1 16723
224.2 9484
224.3 4042
224.3 1751
224.4 1043
224.4 849
224.5 1016
224.6 1411
224.6 2251
224.7 3841
224.8 8125
224.8 22579
224.9 63328
224.9 145327
225.0 241381
225.1 274863
225.1 213122
225.2 115437
225.3 46681
225.3 15917
225.4 5639
225.4 2433
225.5 1178
225.6 645
225.6 534
225.7 522
225.8 567
225.8 1364
225.9 3441
225.9 7163
226.0 11828
226.1 14119
226.1 11846
226.2 7290
226.3 3569
226.3 1625
226.4 1017
226.4 1064
226.5 1114
226.6 1095
226.6 1763
226.7 3807
226.8 7355
226.8 16896
226.9 47083
226.9 110696
227.0 187590
227.1 220926
227.1 180821
227.2 105453
227.3 46469
227.3 17069
227.4 6038
227.4 2337
227.5 1180
227.6 772
227.6 483
227.7 317
227.8 474
227.8 1216
227.9 2653
227.9 5727
228.0 10144
228.1 12842
228.1 11337
228.2 6912
228.3 2899
228.3 1009
228.4 464
228.4 435
228.5 502
228.6 620
228.6 1395
228.7 2716
228.8 5307
228.8 14937
228.9 43995
228.9 101708
229.0 162221
229.1 174469
229.1 129827
229.2 70343
229.3 29698
229.3 10784
229.4 3899
229.4 1596
229.5 796
229.6 496
229.6 298
229.7 234
229.8 396
229.8 911
229.9 2426
229.9 5219
230.0 8200
230.1 9432
230.1 8196
230.2 5430
230.3 2829
230.3 1438
230.4 1099
230.4 1202
230.5 1299
230.6 1269
230.6 1571
230.7 2727
230.8 5406
230.8 12670
230.9 32883
230.9 74610
231.0 124135
231.1 140417
231.1 106290
231.2 55668
231.3 22637
231.3 8624
231.4 3511
231.4 1619
231.5 1051
231.6 923
231.6 813
231.7 908
231.8 1197
231.8 1605
231.9 3489
231.9 7962
232.0 12935
232.1 14511
232.1 11356
232.2 6169
232.3 2423
232.3 920
232.4 571
232.4 459
232.5 356
232.6 373
232.6 712
232.7 1820
232.8 5094
232.8 14532
232.9 42456
232.9 95022
233.0 143433
233.1 145330
233.1 100816
233.2 49235
233.3 18136
233.3 5935
233.4 2396
233.4 1555
233.5 1139
233.6 661
233.6 434
233.7 548
233.8 926
233.8 1883
233.9 4563
233.9 9827
234.0 14790
234.1 14776
234.1 10123
234.2 5292
234.3 2536
234.3 1262
234.4 711
234.4 525
234.5 451
234.6 534
234.6 1087
234.7 2239
234.8 5299
234.8 16071
234.9 47384
234.9 111343
235.0 180216
235.1 192759
235.1 139182
235.2 72130
235.3 29591
235.3 10970
235.4 4037
235.4 1535
235.5 1088
235.6 1235
235.6 1115
235.7 886
235.8 1189
235.8 2546
235.9 5084
235.9 9239
236.0 15338
236.1 19224
236.1 16303
236.2 9574
236.3 4527
236.3 2033
236.4 903
236.4 531
236.5 469
236.6 561
236.6 1189
236.7 2608
236.8 5442
236.8 13901
236.9 38460
236.9 90188
237.0 155714
237.1 185203
237.1 149245
237.2 83379
237.3 34498
237.3 11717
237.4 4129
237.4 2062
237.5 1152
237.6 693
237.6 547
237.7 427
237.8 393
237.8 971
237.9 3805
237.9 9473
238.0 15993
238.1 19210
238.1 16129
238.2 9446
238.3 4300
238.3 1994
238.4 1247
238.4 976
238.5 1012
238.6 1355
238.6 2001
238.7 3622
238.8 8469
238.8 23251
238.9 62915
238.9 139074
239.0 220128
239.1 239240
239.1 179680
239.2 96771
239.3 40476
239.3 15173
239.4 5852
239.4 2587
239.5 1588
239.6 1209
239.6 907
239.7 672
239.8 706
239.8 1450
239.9 3095
239.9 6677
240.0 11770
240.1 14301
240.1 11752
240.2 6965
240.3 3468
240.3 1815
240.4 1120
240.4 904
240.5 933
240.6 1349
240.6 2250
240.7 3630
240.8 7474
240.8 20331
240.9 59794
240.9 133063
241.0 203729
241.1 214430
241.1 156790
241.2 81293
241.3 31999
241.3 10697
241.4 3565
241.4 1517
241.5 1091
241.6 945
241.6 963
241.7 953
241.8 842
241.8 1299
241.9 3736
241.9 9262
242.0 14288
242.1 13809
242.1 9298
242.2 4856
242.3 1949
242.3 739
242.4 521
242.4 633
242.5 804
242.6 800
242.6 944
242.7 1939
242.8 4380
242.8 10321
242.9 28235
242.9 65267
243.0 109915
243.1 128638
243.1 103157
243.2 58046
243.3 25072
243.3 9320
243.4 3311
243.4 1299
243.5 748
243.6 552
243.6 584
243.7 703
243.8 737
243.8 1066
243.9 2012
243.9 4056
244.0 6842
244.1 8052
244.1 6299
244.2 3302
244.3 1235
244.3 437
244.4 300
244.4 377
244.5 486
244.6 675
244.6 1019
244.7 1666
244.8 3489
244.8 8774
244.9 23385
244.9 52395
245.0 89192
245.1 107897
245.1 89154
245.2 50513
245.3 21505
245.3 8165
245.4 3008
245.4 1056
245.5 510
245.6 290
245.6 243
245.7 354
245.8 517
245.8 1226
245.9 3524
245.9 7431
246.0 11225
246.1 12518
246.1 10020
246.2 5641
246.3 2454
246.3 992
246.4 416
246.4 281
246.5 276
246.6 337
246.6 853
246.7 2493
246.8 5519
246.8 14651
246.9 42302
246.9 100497
247.0 165508
247.1 181759
247.1 135740
247.2 72341
247.3 29289
247.3 10047
247.4 3542
247.4 1737
247.5 1169
247.6 692
247.6 349
247.7 535
247.8 1211
247.8 2233
247.9 4580
247.9 9544
248.0 15556
248.1 17505
248.1 13200
248.2 7093
248.3 3388
248.3 1787
248.4 1066
248.4 769
248.5 610
248.6 431
248.6 843
248.7 2520
248.8 6378
248.8 17958
248.9 53239
248.9 129205
249.0 221911
249.1 257464
249.1 202934
249.2 113937
249.3 49873
249.3 18344
249.4 6047
249.4 2219
249.5 1101
249.6 789
249.6 619
249.7 685
249.8 1280
249.8 3049
249.9 7832
249.9 18109
250.0 32825
250.1 42701
250.1 38290
250.2 23685
250.3 10671
250.3 4218
250.4 2133
250.4 1600
250.5 1485
250.6 1587
250.6 1967
250.7 3489
250.8 7733
250.8 18783
250.9 52804
250.9 133110
251.0 252130
251.1 334100
251.1 301042
251.2 185541
251.3 83015
251.3 30678
251.4 11170
251.4 4861
251.5 2651
251.6 1724
251.6 1010
251.7 596
251.8 844
251.8 2048
251.9 5016
251.9 12269
252.0 25092
252.1 34916
252.1 31792
252.2 19898
252.3 9531
252.3 4389
252.4 2905
252.4 2556
252.5 2588
252.6 3576
252.6 5873
252.7 10540
252.8 23179
252.8 59964
252.9 166190
252.9 434196
253.0 885992
253.1 1275468
253.1 1261546
253.2 865608
253.3 430729
253.3 171394
253.4 62116
253.4 23027
253.5 9630
253.6 5020
253.6 3511
253.7 3029
253.8 3149
253.8 5310
253.9 14054
253.9 36558
254.0 76025
254.1 114667
254.1 119390
254.2 86055
254.3 44929
254.3 18198
254.4 6462
254.4 2809
254.5 1803
254.6 1790
254.6 2212
254.7 3532
254.8 7868
254.8 21113
254.9 56380
254.9 132960
255.0 238922
255.1 308904
255.1 285036
255.2 189131
255.3 93174
255.3 37466
255.4 13584
255.4 4871
255.5 2245
255.6 1429
255.6 937
255.7 794
255.8 961
255.8 1718
255.9 3753
255.9 8628
256.0 15122
256.1 18456
256.1 16582
256.2 11357
256.3 5815
256.3 2499
256.4 1201
256.4 810
256.5 710
256.6 663
256.6 826
256.7 1474
256.8 4071
256.8 11870
256.9 30494
256.9 65616
257.0 104458
257.1 113282
257.1 83468
257.2 44234
257.3 18228
257.3 6277
257.4 2506
257.4 1361
257.5 697
257.6 300
257.6 202
257.7 270
257.8 354
257.8 695
257.9 2389
257.9 6097
258.0 10223
258.1 11992
258.1 9940
258.2 5670
258.3 2320
258.3 930
258.4 571
258.4 441
258.5 341
258.6 429
258.6 741
258.7 1163
258.8 2045
258.8 4904
258.9 14360
258.9 34132
259.0 55308
259.1 58809
259.1 41769
259.2 21235
259.3 8655
259.3 2931
259.4 994
259.4 507
259.5 349
259.6 287
259.6 311
259.7 371
259.8 675
259.8 1550
259.9 3529
259.9 7490
260.0 11588
260.1 11964
260.1 8517
260.2 4675
260.3 2360
260.3 1202
260.4 880
260.4 1050
260.5 961
260.6 833
260.6 1122
260.7 2202
260.8 5484
260.8 14180
260.9 39774
260.9 94898
261.0 164332
261.1 194737
261.1 156731
261.2 88419
261.3 38185
261.3 14404
261.4 5974
261.4 3223
261.5 1939
261.6 1164
261.6 851
261.7 663
261.8 761
261.8 1280
261.9 3035
261.9 7758
262.0 13663
262.1 15754
262.1 12417
262.2 7055
262.3 3119
262.3 1129
262.4 365
262.4 349
262.5 549
262.6 710
262.6 921
262.7 1517
262.8 3518
262.8 10192
262.9 30337
262.9 75140
263.0 137968
263.1 176964
263.1 155224
263.2 94710
263.3 43301
263.3 16719
263.4 6393
263.4 3184
263.5 1842
263.6 932
263.6 488
263.7 334
263.8 588
263.8 1470
263.9 3601
263.9 8781
264.0 17408
264.1 24543
264.1 23783
264.2 15846
264.3 7475
264.3 2750
264.4 946
264.4 415
264.5 393
264.6 608
264.6 1189
264.7 2668
264.8 5589
264.8 13692
264.9 35793
264.9 85562
265.0 158329
265.1 206332
265.1 186655
265.2 120189
265.3 57731
265.3 22631
265.4 8465
265.4 3466
265.5 1776
265.6 1223
265.6 828
265.7 518
265.8 577
265.8 1074
265.9 2279
265.9 5231
266.0 10455
266.1 14668
266.1 13837
266.2 9121
266.3 4530
266.3 1961
266.4 1008
266.4 712
266.5 831
266.6 1308
266.6 1981
266.7 3847
266.8 10450
266.8 28933
266.9 77032
266.9 169157
267.0 263578
267.1 279917
267.1 204591
267.2 106935
267.3 43896
267.3 16798
267.4 6689
267.4 2690
267.5 1028
267.6 524
267.6 577
267.7 813
267.8 1078
267.8 1762
267.9 4228
267.9 10694
268.0 19325
268.1 22220
268.1 16589
268.2 8963
268.3 4290
268.3 2047
268.4 1008
268.4 618
268.5 520
268.6 601
268.6 1176
268.7 2334
268.8 4981
268.8 12345
268.9 32097
268.9 72890
269.0 126690
269.1 155529
269.1 130481
269.2 76086
269.3 34024
269.3 13816
269.4 5734
269.4 2466
269.5 1185
269.6 844
269.6 789
269.7 851
269.8 1302
269.8 2164
269.9 3636
269.9 7679
270.0 14107
270.1 17582
270.1 14908
270.2 9096
270.3 4438
270.3 2128
270.4 1288
270.4 1193
270.5 1569
270.6 2509
270.6 4196
270.7 6955
270.8 13407
270.8 30862
270.9 78632
270.9 199885
271.0 408281
271.1 593352
271.1 594586
271.2 415014
271.3 211308
271.3 86673
271.4 32519
271.4 12484
271.5 5133
271.6 2635
271.6 1844
271.7 1448
271.8 1553
271.8 2950
271.9 6476
271.9 14459
272.0 26955
272.1 38241
272.1 39303
272.2 28120
272.3 14294
272.3 6076
272.4 2458
272.4 1045
272.5 712
272.6 706
272.6 956
272.7 1451
272.8 2508
272.8 5642
272.9 14985
272.9 35538
273.0 63399
273.1 77490
273.1 62895
273.2 34813
273.3 15018
273.3 6247
273.4 2684
273.4 1062
273.5 448
273.6 279
273.6 204
273.7 203
273.8 471
273.8 1419
273.9 3660
273.9 8133
274.0 13989
274.1 17257
274.1 14598
274.2 8223
274.3 3366
274.3 1462
274.4 714
274.4 366
274.5 271
274.6 273
274.6 534
274.7 1443
274.8 4555
274.8 12966
274.9 36106
274.9 86137
275.0 146584
275.1 169218
275.1 135353
275.2 79237
275.3 36789
275.3 14771
275.4 5644
275.4 2329
275.5 1295
275.6 998
275.6 733
275.7 446
275.8 606
275.8 1637
275.9 4161
275.9 8772
276.0 14758
276.1 18692
276.1 17001
276.2 10908
276.3 5047
276.3 1796
276.4 617
276.4 326
276.5 310
276.6 369
276.6 423
276.7 592
276.8 1475
276.8 4099
276.9 12077
276.9 31122
277.0 61211
277.1 83199
277.1 76646
277.2 49535
277.3 23873
277.3 9141
277.4 3525
277.4 1766
277.5 981
277.6 537
277.6 368
277.7 314
277.8 259
277.8 292
277.9 908
277.9 3080
278.0 5963
278.1 7293
278.1 6264
278.2 3907
278.3 1880
278.3 1011
278.4 821
278.4 802
278.5 757
278.6 831
278.6 1195
278.7 2588
278.8 7749
278.8 20030
278.9 51143
278.9 125120
279.0 235254
279.1 305402
279.1 271768
279.2 171549
279.3 82219
279.3 33158
279.4 13036
279.4 5694
279.5 2951
279.6 1680
279.6 1007
279.7 769
279.8 857
279.8 1382
279.9 3020
279.9 7242
280.0 13545
280.1 17503
280.1 15318
280.2 9095
280.3 3863
280.3 1622
280.4 945
280.4 567
280.5 344
280.6 376
280.6 463
280.7 754
280.8 2150
280.8 6220
280.9 18678
280.9 45468
281.0 76409
281.1 87642
281.1 70398
281.2 41096
281.3 18781
281.3 7633
281.4 2990
281.4 1113
281.5 587
281.6 537
281.6 574
281.7 649
281.8 622
281.8 697
281.9 1409
281.9 3597
282.0 6188
282.1 6857
282.1 5397
282.2 3207
282.3 1468
282.3 624
282.4 267
282.4 270
282.5 341
282.6 394
282.6 795
282.7 1745
282.8 3753
282.8 9324
282.9 24618
282.9 60250
283.0 117094
283.1 163120
283.1 157550
283.2 107336
283.3 55125
283.3 23400
283.4 8679
283.4 3403
283.5 1844
283.6 1134
283.6 752
283.7 638
283.8 807
283.8 1369
283.9 2945
283.9 6785
284.0 12554
284.1 16492
284.1 14754
284.2 9033
284.3 4077
284.3 1680
284.4 796
284.4 393
284.5 193
284.6 161
284.6 353
284.7 1004
284.8 2459
284.8 5929
284.9 16134
284.9 38196
285.0 64578
285.1 74350
285.1 58351
285.2 32191
285.3 13938
285.3 5738
285.4 2365
285.4 907
285.5 366
285.6 197
285.6 190
285.7 239
285.8 346
285.8 548
285.9 1052
285.9 2332
286.0 4252
286.1 5086
286.1 3772
286.2 1817
286.3 822
286.3 538
286.4 350
286.4 189
286.5 117
286.6 107
286.6 184
286.7 535
286.8 1501
286.8 4318
286.9 13467
286.9 34803
287.0 63137
287.1 79726
287.1 71512
287.2 46313
287.3 22168
287.3 8559
287.4 3218
287.4 1342
287.5 567
287.6 295
287.6 190
287.7 166
287.8 267
287.8 920
287.9 3062
287.9 7991
288.0 14830
288.1 18884
288.1 16906
288.2 11193
288.3 5738
288.3 2460
288.4 1138
288.4 695
288.5 562
288.6 708
288.6 995
288.7 1937
288.8 5726
288.8 17220
288.9 50138
288.9 131858
289.0 263152
289.1 363027
289.1 342039
289.2 227243
289.3 114329
289.3 48067
289.4 19011
289.4 8458
289.5 4336
289.6 2237
289.6 1229
289.7 954
289.8 1155
289.8 1452
289.9 2837
289.9 8178
290.0 18065
290.1 26286
290.1 25898
290.2 18082
290.3 9297
290.3 3752
290.4 1479
290.4 771
290.5 547
290.6 414
290.6 454
290.7 1160
290.8 2963
290.8 7999
290.9 25001
290.9 64971
291.0 117949
291.1 147906
291.1 128374
291.2 77037
291.3 33438
291.3 12448
291.4 4498
291.4 1587
291.5 716
291.6 470
291.6 369
291.7 475
291.8 666
291.8 1020
291.9 1942
291.9 4076
292.0 7536
292.1 9597
292.1 8244
292.2 5391
292.3 2948
292.3 1383
292.4 704
292.4 546
292.5 552
292.6 651
292.6 1459
292.7 3917
292.8 8893
292.8 22805
292.9 64117
292.9 152455
293.0 275127
293.1 362476
293.1 343373
293.2 235076
293.3 120469
293.3 50361
293.4 19523
293.4 7653
293.5 3407
293.6 1751
293.6 910
293.7 726
293.8 870
293.8 1418
293.9 3977
293.9 9971
294.0 17283
294.1 20951
294.1 18581
294.2 12836
294.3 7484
294.3 4049
294.4 2231
294.4 1191
294.5 634
294.6 622
294.6 815
294.7 918
294.8 1257
294.8 3057
294.9 8571
294.9 19731
295.0 34674
295.1 45237
295.1 42166
295.2 27528
295.3 13204
295.3 5403
295.4 2280
295.4 1196
295.5 731
295.6 477
295.6 335
295.7 301
295.8 427
295.8 537
295.9 663
295.9 1259
296.0 2516
296.1 3361
296.1 2966
296.2 2040
296.3 1371
296.3 950
296.4 588
296.4 289
296.5 309
296.6 640
296.6 905
296.7 1201
296.8 2828
296.8 7584
296.9 18680
296.9 44739
297.0 85449
297.1 113272
297.1 101725
297.2 63433
297.3 29601
297.3 11955
297.4 4726
297.4 2060
297.5 1170
297.6 727
297.6 506
297.7 560
297.8 1265
297.8 2704
297.9 5912
297.9 13719
298.0 24912
298.1 31021
298.1 26591
298.2 16224
298.3 7355
298.3 2744
298.4 1109
298.4 501
298.5 185
298.6 82
298.6 159
298.7 300
298.8 493
298.8 1026
298.9 3033
298.9 7299
299.0 11693
299.1 12873
299.1 10172
299.2 5828
299.3 2425
299.3 783
299.4 297
299.4 221
299.5 214
299.6 202
299.6 129
299.7 89
299.8 200
299.8 291
299.9 329
299.9 752
300.0 1408
300.1 1562
300.1 1114
300.2 525
300.3 170
300.3 58
300.4 43
300.4 162
300.5 301
300.6 326
300.6 314
300.7 335
300.8 722
300.8 1687
300.9 3936
300.9 10416
301.0 22684
301.1 34074
301.1 34560
301.2 24137
301.3 12305
301.3 5249
301.4 2249
301.4 1082
301.5 647
301.6 399
301.6 231
301.7 250
301.8 375
301.8 599
301.9 1343
301.9 3773
302.0 7027
302.1 8727
302.1 8003
302.2 5478
302.3 2661
302.3 1076
302.4 536
302.4 536
302.5 746
302.6 950
302.6 1366
302.7 3290
302.8 9208
302.8 24771
302.9 65884
302.9 167802
303.0 354710
303.1 543551
303.1 574243
303.2 421171
303.3 224523
303.3 94022
303.4 34677
303.4 13868
303.5 6624
303.6 3124
303.6 1654
303.7 1141
303.8 1307
303.8 2143
303.9 4155
303.9 10196
304.0 20555
304.1 28949
304.1 29591
304.2 22501
304.3 12774
304.3 5780
304.4 2423
304.4 1145
304.5 793
304.6 630
304.6 599
304.7 659
304.8 1301
304.8 4067
304.9 11805
304.9 27198
305.0 51578
305.1 76929
305.1 81628
305.2 59803
305.3 32031
305.3 13926
305.4 5506
305.4 2454
305.5 1108
305.6 493
305.6 237
305.7 253
305.8 356
305.8 605
305.9 1392
305.9 3325
306.0 6345
306.1 8461
306.1 8167
306.2 6079
306.3 3443
306.3 1466
306.4 549
306.4 240
306.5 169
306.6 215
306.6 632
306.7 1853
306.8 4916
306.8 13975
306.9 39355
306.9 96772
307.0 187801
307.1 261250
307.1 250325
307.2 167901
307.3 84789
307.3 35886
307.4 13811
307.4 5487
307.5 2832
307.6 1739
307.6 1015
307.7 619
307.8 577
307.8 1001
307.9 2856
307.9 7179
308.0 12857
308.1 16446
308.1 15500
308.2 11114
308.3 6287
308.3 2922
308.4 1123
308.4 355
308.5 137
308.6 192
308.6 431
308.7 667
308.8 1306
308.8 3681
308.9 10173
308.9 25021
309.0 47828
309.1 64298
309.1 59312
309.2 38446
309.3 19033
309.3 8289
309.4 3457
309.4 1598
309.5 1092
309.6 803
309.6 493
309.7 237
309.8 92
309.8 118
309.9 406
309.9 1296
310.0 2920
310.1 4209
310.1 3957
310.2 2623
310.3 1460
310.3 898
310.4 642
310.4 431
310.5 330
310.6 319
310.6 442
310.7 748
310.8 1681
310.8 4735
310.9 11402
310.9 26071
311.0 52631
311.1 81002
311.1 88178
311.2 67595
311.3 38244
311.3 17282
311.4 6497
311.4 2289
311.5 880
311.6 469
311.6 419
311.7 476
311.8 546
311.8 655
311.9 1163
311.9 2333
312.0 3898
312.1 5308
312.1 5578
312.2 4397
312.3 2730
312.3 1531
312.4 968
312.4 645
312.5 380
312.6 399
312.6 734
312.7 1341
312.8 3416
312.8 9935
312.9 28044
312.9 72542
313.0 143987
313.1 201681
313.1 197290
313.2 136654
313.3 69827
313.3 29234
313.4 11846
313.4 5253
313.5 2476
313.6 1155
313.6 767
313.7 763
313.8 727
313.8 1031
313.9 2232
313.9 4184
314.0 7422
314.1 11515
314.1 12449
314.2 8619
314.3 4043
314.3 1617
314.4 826
314.4 527
314.5 231
314.6 69
314.6 52
314.7 54
314.8 62
314.8 157
314.9 339
314.9 844
315.0 1508
315.1 1707
315.1 1476
315.2 1076
315.3 614
315.3 390
315.4 297
315.4 150
315.5 52
315.6 54
315.6 182
315.7 353
315.8 618
315.8 1068
315.9 1941
315.9 4396
316.0 8561
316.1 11776
316.1 11275
316.2 7483
316.3 3492
316.3 1463
316.4 845
316.4 520
316.5 288
316.6 217
316.6 221
316.7 296
316.8 354
316.8 342
316.9 340
316.9 424
317.0 646
317.1 1020
317.1 1322
317.2 1284
317.3 1015
317.3 787
317.4 572
317.4 307
317.5 136
317.6 121
317.6 176
317.7 210
317.8 239
317.8 295
317.9 435
317.9 558
318.0 515
318.1 585
318.1 786
318.2 736
318.3 501
318.3 303
318.4 184
318.4 240
318.5 417
318.6 535
318.6 577
318.7 705
318.8 950
318.8 1892
318.9 4797
318.9 10811
319.0 20650
319.1 30697
319.1 32572
319.2 24180
319.3 13225
319.3 6004
319.4 2438
319.4 941
319.5 661
319.6 680
319.6 537
319.7 543
319.8 715
319.8 751
319.9 1419
319.9 3383
320.0 5667
320.1 7106
320.1 7077
320.2 5366
320.3 3121
320.3 1660
320.4 1090
320.4 1060
320.5 1292
320.6 1744
320.6 3033
320.7 5756
320.8 13258
320.8 34797
320.9 91295
320.9 227694
321.0 479229
321.1 739574
321.1 793716
321.2 598328
321.3 332973
321.3 148910
321.4 60482
321.4 25212
321.5 11070
321.6 5096
321.6 2940
321.7 2487
321.8 2602
321.8 3123
321.9 5092
321.9 11146
322.0 23494
322.1 37279
322.1 41482
322.2 32454
322.3 18586
322.3 8740
322.4 3969
322.4 1879
322.5 1126
322.6 813
322.6 593
322.7 771
322.8 1450
322.8 3171
322.9 7238
322.9 17921
323.0 38630
323.1 60794
323.1 67574
323.2 53549
323.3 31012
323.3 14303
323.4 6269
323.4 2772
323.5 990
323.6 270
323.6 189
323.7 286
323.8 376
323.8 461
323.9 843
323.9 1734
324.0 2979
324.1 4186
324.1 4643
324.2 3779
324.3 2200
324.3 1037
324.4 543
324.4 326
324.5 176
324.6 68
324.6 28
324.7 225
324.8 738
324.8 1911
324.9 5347
324.9 13472
325.0 27368
325.1 40586
325.1 41657
325.2 30103
325.3 16466
325.3 7432
325.4 3030
325.4 1231
325.5 634
325.6 601
325.6 531
325.7 368
325.8 236
325.8 139
325.9 229
325.9 776
326.0 1636
326.1 2105
326.1 1932
326.2 1315
326.3 563
326.3 129
326.4 19
326.4 54
326.5 141
326.6 144
326.6 72
326.7 29
326.8 43
326.8 72
326.9 72
326.9 149
327.0 354
327.1 535
327.1 556
327.2 656
327.3 801
327.3 677
327.4 384
327.4 177
327.5 74
327.6 79
327.6 133
327.7 197
327.8 184
327.8 200
327.9 297
327.9 397
328.0 448
328.1 483
328.1 571
328.2 564
328.3 361
328.3 241
328.4 215
328.4 146
328.5 84
328.6 47
328.6 13
328.7 128
328.8 329
328.8 357
328.9 316
328.9 894
329.0 2281
329.1 3670
329.1 4238
329.2 3585
329.3 2040
329.3 778
329.4 325
329.4 232
329.5 141
329.6 116
329.6 247
329.7 382
329.8 335
329.8 176
329.9 335
329.9 984
330.0 1534
330.1 1584
330.1 1409
330.2 1068
330.3 566
330.3 249
330.4 233
330.4 382
330.5 574
330.6 906
330.6 1795
330.7 4037
330.8 10475
330.8 28199
330.9 79803
330.9 212647
331.0 442926
331.1 658096
331.1 681815
331.2 497432
331.3 267666
331.3 118477
331.4 50303
331.4 22211
331.5 9869
331.6 4631
331.6 2717
331.7 1994
331.8 1918
331.8 2566
331.9 4711
331.9 11133
332.0 22976
332.1 35046
332.1 37792
332.2 28398
332.3 15375
332.3 6808
332.4 2847
332.4 1347
332.5 802
332.6 517
332.6 365
332.7 247
332.8 158
332.8 154
332.9 238
332.9 285
333.0 251
333.1 242
333.1 268
333.2 246
333.3 147
333.3 81
333.4 176
333.4 271
333.5 192
333.6 59
333.6 22
333.7 104
333.8 344
333.8 731
333.9 1424
333.9 3052
334.0 5891
334.1 8301
334.1 7995
334.2 5401
334.3 2820
334.3 1313
334.4 631
334.4 329
334.5 134
334.6 35
334.6 128
334.7 366
334.8 431
334.8 306
334.9 266
334.9 271
335.0 371
335.1 681
335.1 906
335.2 777
335.3 426
335.3 138
335.4 30
335.4 15
335.5 28
335.6 42
335.6 74
335.7 151
335.8 179
335.8 108
335.9 42
335.9 54
336.0 110
336.1 119
336.1 68
336.2 33
336.3 20
336.3 6
336.4 1
336.4 61
336.5 130
336.6 103
336.6 76
336.7 176
336.8 405
336.8 1142
336.9 3286
336.9 7530
337.0 14329
337.1 21380
337.1 23401
337.2 18490
337.3 10571
337.3 4566
337.4 1974
337.4 1100
337.5 591
337.6 296
337.6 183
337.7 182
337.8 256
337.8 324
337.9 365
337.9 989
338.0 2552
338.1 4111
338.1 4312
338.2 3302
338.3 2211
338.3 1451
338.4 989
338.4 823
338.5 854
338.6 1099
338.6 1752
338.7 3307
338.8 7558
338.8 17967
338.9 47016
338.9 117492
339.0 247901
339.1 398297
339.1 456801
339.2 370201
339.3 220521
339.3 104708
339.4 43932
339.4 18070
339.5 8277
339.6 4660
339.6 3114
339.7 2310
339.8 1906
339.8 2051
339.9 3173
339.9 6739
340.0 13253
340.1 20312
340.1 23657
340.2 20428
340.3 12962
340.3 6252
340.4 2528
340.4 1110
340.5 537
340.6 213
340.6 195
340.7 407
340.8 701
340.8 1005
340.9 1666
340.9 3321
341.0 6064
341.1 8623
341.1 9064
341.2 6776
341.3 3581
341.3 1496
341.4 683
341.4 398
341.5 274
341.6 211
341.6 145
341.7 136
341.8 189
341.8 144
341.9 97
341.9 266
342.0 591
342.1 806
342.1 779
342.2 629
342.3 428
342.3 220
342.4 95
342.4 74
342.5 84
342.6 103
342.6 125
342.7 109
342.8 208
342.8 448
342.9 680
342.9 882
343.0 1017
343.1 1123
343.1 1245
343.2 1110
343.3 673
343.3 263
343.4 78
343.4 23
343.5 3
343.6 0
343.6 22
343.7 56
343.8 52
343.8 26
343.9 22
343.9 27
344.0 20
344.1 23
344.1 35
344.2 43
344.3 44
344.3 37
344.4 24
344.4 13
344.5 3
344.6 0
344.6 0
344.7 5
344.8 60
344.8 127
344.9 104
344.9 35
345.0 62
345.1 139
345.1 122
345.2 42
345.3 7
345.3 36
345.4 106
345.4 118
345.5 57
345.6 11
345.6 2
345.7 7
345.8 41
345.8 90
345.9 128
345.9 133
346.0 170
346.1 313
346.1 491
346.2 581
346.3 539
346.3 408
346.4 290
346.4 214
346.5 187
346.6 239
346.6 297
346.7 356
346.8 423
346.8 531
346.9 1293
346.9 2572
347.0 3297
347.1 3452
347.1 3284
347.2 2475
347.3 1517
347.3 959
347.4 557
347.4 220
347.5 137
347.6 168
347.6 185
347.7 215
347.8 263
347.8 627
347.9 1559
347.9 3166
348.0 5825
348.1 8516
348.1 8699
348.2 6233
348.3 3700
348.3 2495
348.4 2145
348.4 2225
348.5 3248
348.6 5380
348.6 9238
348.7 20280
348.8 50593
348.8 126408
348.9 319837
348.9 769027
349.0 1537510
349.1 2295792
349.1 2449751
349.2 1877695
349.3 1080925
349.3 505986
349.4 212273
349.4 88111
349.5 39691
349.6 21392
349.6 13296
349.7 9041
349.8 7754
349.8 10089
349.9 19411
349.9 41478
350.0 82520
350.1 125880
350.1 133269
350.2 98614
350.3 54695
350.3 24776
350.4 10007
350.4 4200
350.5 2189
350.6 1518
350.6 1191
350.7 911
350.8 581
350.8 538
350.9 786
350.9 760
351.0 472
351.1 368
351.1 496
351.2 516
351.3 350
351.3 324
351.4 369
351.4 307
351.5 223
351.6 222
351.6 222
351.7 147
351.8 126
351.8 203
351.9 314
351.9 509
352.0 631
352.1 624
352.1 547
352.2 326
352.3 129
352.3 79
352.4 80
352.4 102
352.5 98
352.6 50
352.6 12
352.7 2
352.8 25
352.8 57
352.9 78
352.9 116
353.0 120
353.1 66
353.1 196
353.2 435
353.3 410
353.3 194
353.4 76
353.4 60
353.5 86
353.6 117
353.6 144
353.7 132
353.8 109
353.8 183
353.9 279
353.9 294
354.0 330
354.1 392
354.1 353
354.2 223
354.3 115
354.3 69
354.4 49
354.4 40
354.5 34
354.6 31
354.6 33
354.7 154
354.8 403
354.8 651
354.9 1182
354.9 2275
355.0 3622
355.1 4881
355.1 5457
355.2 4720
355.3 3173
355.3 1761
355.4 847
355.4 473
355.5 338
355.6 188
355.6 154
355.7 211
355.8 172
355.8 143
355.9 314
355.9 516
356.0 601
356.1 777
356.1 980
356.2 846
356.3 452
356.3 160
356.4 67
356.4 52
356.5 55
356.6 79
356.6 154
356.7 231
356.8 367
356.8 1004
356.9 2314
356.9 4625
357.0 8901
357.1 13825
357.1 15860
357.2 13617
357.3 8938
357.3 4558
357.4 1969
357.4 866
357.5 579
357.6 575
357.6 445
357.7 232
357.8 217
357.8 387
357.9 493
357.9 516
358.0 638
358.1 924
358.1 1184
358.2 1109
358.3 725
358.3 417
358.4 286
358.4 184
358.5 81
358.6 99
358.6 133
358.7 167
358.8 224
358.8 219
358.9 205
358.9 333
359.0 618
359.1 831
359.1 745
359.2 503
359.3 425
359.3 460
359.4 369
359.4 242
359.5 200
359.6 188
359.6 193
359.7 170
359.8 121
359.8 147
359.9 224
359.9 201
360.0 89
360.1 65
360.1 122
360.2 147
360.3 120
360.3 103
360.4 87
360.4 42
360.5 29
360.6 49
360.6 92
360.7 167
360.8 197
360.8 159
360.9 107
360.9 71
361.0 78
361.1 163
361.1 220
361.2 151
361.3 71
361.3 88
361.4 160
361.4 253
361.5 259
361.6 148
361.6 59
361.7 59
361.8 63
361.8 31
361.9 42
361.9 101
362.0 112
362.1 183
362.1 333
362.2 321
362.3 158
362.3 59
362.4 34
362.4 19
362.5 4
362.6 2
362.6 38
362.7 77
362.8 122
362.8 164
362.9 117
362.9 42
363.0 30
363.1 18
363.1 4
363.2 1
363.3 0
363.3 50
363.4 115
363.4 105
363.5 55
363.6 23
363.6 5
363.7 2
363.8 2
363.8 0
363.9 0
363.9 0
364.0 0
364.1 26
364.1 79
364.2 87
364.3 40
364.3 13
364.4 48
364.4 79
364.5 70
364.6 54
364.6 52
364.7 93
364.8 127
364.8 77
364.9 18
364.9 13
365.0 42
365.1 138
365.1 232
365.2 278
365.3 420
365.3 495
365.4 292
365.4 75
365.5 74
365.6 149
365.6 172
365.7 207
365.8 352
365.8 643
365.9 1197
365.9 2350
366.0 4105
366.1 5391
366.1 5151
366.2 3890
366.3 2717
366.3 1999
366.4 1680
366.4 1732
366.5 2065
366.6 3021
366.6 5199
366.7 10187
366.8 24570
366.8 60511
366.9 149231
366.9 357226
367.0 726181
367.1 1124073
367.1 1255560
367.2 1003649
367.3 595347
367.3 285799
367.4 123519
367.4 52323
367.5 23757
367.6 12767
367.6 8270
367.7 6277
367.8 5689
367.8 7149
367.9 12134
367.9 22715
368.0 42802
368.1 67225
368.1 76580
368.2 61487
368.3 36626
368.3 18154
368.4 8672
368.4 4579
368.5 2906
368.6 1820
368.6 1113
368.7 802
368.8 593
368.8 485
368.9 526
368.9 681
369.0 841
369.1 1195
369.1 1649
369.2 1765
369.3 1583
369.3 1341
369.4 970
369.4 541
369.5 307
369.6 247
369.6 186
369.7 195
369.8 363
369.8 459
369.9 360
369.9 297
370.0 301
370.1 215
370.1 137
370.2 175
370.3 255
370.3 219
370.4 144
370.4 232
370.5 340
370.6 437
370.6 531
370.7 436
370.8 276
370.8 229
370.9 229
370.9 333
371.0 494
371.1 634
371.1 754
371.2 834
371.3 867
371.3 724
371.4 377
371.4 151
371.5 160
371.6 204
371.6 201
371.7 164
371.8 117
371.8 109
371.9 106
371.9 126
372.0 200
372.1 301
372.1 371
372.2 337
372.3 207
372.3 84
372.4 27
372.4 28
372.5 58
372.6 102
372.6 100
372.7 74
372.8 166
372.8 280
372.9 254
372.9 440
373.0 692
373.1 525
373.1 258
373.2 174
373.3 112
373.3 63
373.4 54
373.4 66
373.5 72
373.6 84
373.6 60
373.7 16
373.8 28
373.8 168
373.9 339
373.9 583
374.0 811
374.1 638
374.1 264
374.2 112
374.3 91
374.3 99
374.4 81
374.4 84
374.5 128
374.6 116
374.6 63
374.7 49
374.8 61
374.8 68
374.9 82
374.9 110
375.0 149
375.1 195
375.1 225
375.2 241
375.3 252
375.3 206
375.4 174
375.4 683
375.5 1460
375.6 1537
375.6 1273
375.7 1196
375.8 1002
375.8 732
375.9 465
375.9 198
376.0 56
376.1 55
376.1 123
376.2 128
376.3 76
376.3 79
376.4 167
376.4 216
376.5 157
376.6 82
376.6 37
376.7 22
376.8 44
376.8 63
376.9 111
376.9 136
377.0 76
377.1 14
377.1 2
377.2 18
377.3 48
377.3 93
377.4 116
377.4 83
377.5 46
377.6 134
377.6 374
377.7 481
377.8 300
377.8 103
377.9 30
377.9 5
378.0 0
378.1 0
378.1 4
378.2 8
378.3 9
378.3 48
378.4 102
378.4 109
378.5 107
378.6 93
378.6 42
378.7 18
378.8 23
378.8 15
378.9 6
378.9 8
379.0 5
379.1 1
379.1 48
379.2 103
379.3 71
379.3 15
379.4 2
379.4 0
379.5 0
379.6 0
379.6 3
379.7 16
379.8 24
379.8 56
379.9 109
379.9 135
380.0 166
380.1 174
380.1 100
380.2 26
380.3 23
380.3 56
380.4 62
380.4 30
380.5 6
380.6 1
380.6 6
380.7 12
380.8 8
380.8 1
380.9 0
380.9 50
381.0 117
381.1 99
381.1 40
381.2 54
381.3 87
381.3 57
381.4 11
381.4 2
381.5 0
381.6 12
381.6 24
381.7 21
381.8 37
381.8 57
381.9 35
381.9 7
382.0 1
382.1 0
382.1 25
382.2 72
382.3 85
382.3 75
382.4 109
382.4 155
382.5 190
382.6 327
382.6 485
382.7 416
382.8 256
382.8 265
382.9 318
382.9 359
383.0 561
383.1 748
383.1 642
383.2 528
383.3 510
383.3 348
383.4 199
383.4 261
383.5 386
383.6 575
383.6 769
383.7 751
383.8 585
383.8 529
383.9 1000
383.9 2359
384.0 4338
384.1 5726
384.1 5656
384.2 4420
384.3 2841
384.3 1514
384.4 761
384.4 617
384.5 920
384.6 1119
384.6 1236
384.7 2452
384.8 6234
384.8 16353
384.9 43317
384.9 108915
385.0 237349
385.1 393936
385.1 466227
385.2 392782
385.3 244266
385.3 121068
385.4 54511
385.4 25148
385.5 12475
385.6 7232
385.6 4611
385.7 2954
385.8 1975
385.8 1965
385.9 3321
385.9 6987
386.0 14089
386.1 22179
386.1 25368
386.2 21260
386.3 13876
386.3 7920
386.4 4393
386.4 2565
386.5 1636
386.6 1114
386.6 673
386.7 458
386.8 583
386.8 568
386.9 374
386.9 339
387.0 482
387.1 575
387.1 565
387.2 746
387.3 897
387.3 646
387.4 515
387.4 676
387.5 586
387.6 398
387.6 465
387.7 567
387.8 558
387.8 591
387.9 642
387.9 609
388.0 467
388.1 381
388.1 449
388.2 546
388.3 563
388.3 871
388.4 1267
388.4 1048
388.5 523
388.6 280
388.6 160
388.7 88
388.8 89
388.8 145
388.9 248
388.9 293
389.0 239
389.1 264
389.1 359
389.2 303
389.3 159
389.3 152
389.4 285
389.4 401
389.5 426
389.6 463
389.6 710
389.7 1118
389.8 1238
389.8 1229
389.9 1545
389.9 1950
390.0 2067
390.1 1911
390.1 1835
390.2 2032
390.3 2035
390.3 2004
390.4 2335
390.4 3213
390.5 4413
390.6 5024
390.6 5209
390.7 6079
390.8 8110
390.8 11900
390.9 17943
390.9 27169
391.0 42097
391.1 61576
391.1 75541
391.2 71272
391.3 48994
391.3 24363
391.4 9801
391.4 4169
391.5 2125
391.6 1260
391.6 1413
391.7 2125
391.8 2406
391.8 2845
391.9 4893
391.9 8038
392.0 11976
392.1 16884
392.1 20573
392.2 19462
392.3 13450
392.3 6841
392.4 2873
392.4 1042
392.5 385
392.6 269
392.6 283
392.7 254
392.8 357
392.8 866
392.9 1546
392.9 1826
393.0 1705
393.1 2021
393.1 2907
393.2 3266
393.3 2569
393.3 1419
393.4 533
393.4 147
393.5 86
393.6 168
393.6 223
393.7 179
393.8 110
393.8 71
393.9 55
393.9 76
394.0 240
394.1 481
394.1 671
394.2 725
394.3 563
394.3 332
394.4 187
394.4 147
394.5 242
394.6 282
394.6 210
394.7 187
394.8 162
394.8 73
394.9 97
394.9 186
395.0 138
395.1 82
395.1 136
395.2 215
395.3 230
395.3 155
395.4 135
395.4 161
395.5 97
395.6 42
395.6 56
395.7 55
395.8 26
395.8 25
395.9 40
395.9 39
396.0 31
396.1 20
396.1 55
396.2 103
396.3 70
396.3 15
396.4 2
396.4 0
396.5 0
396.6 0
396.6 7
396.7 21
396.8 26
396.8 16
396.9 5
396.9 1
397.0 0
397.1 0
397.1 0
397.2 12
397.3 42
397.3 51
397.4 31
397.4 13
397.5 6
397.6 1
397.6 0
397.7 0
397.8 0
397.8 7
397.9 15
397.9 10
398.0 3
398.1 7
398.1 102
398.2 205
398.3 153
398.3 56
398.4 44
398.4 46
398.5 30
398.6 29
398.6 95
398.7 144
398.8 94
398.8 27
398.9 7
398.9 6
399.0 17
399.1 43
399.1 58
399.2 33
399.3 6
399.3 1
399.4 0
399.4 53
399.5 120
399.6 102
399.6 48
399.7 33
399.8 59
399.8 102
399.9 154
399.9 172
400.0 98
400.1 18
400.1 2
400.2 0
400.3 0
400.3 0
400.4 0
400.4 0
400.5 0
400.6 0
400.6 0
400.7 0
400.8 0
400.8 0
400.9 0
400.9 4
401.0 11
401.1 11
401.1 4
401.2 23
401.3 57
401.3 51
401.4 18
401.4 3
401.5 3
401.6 18
401.6 47
401.7 55
401.8 31
401.8 60
401.9 116
401.9 88
402.0 53
402.1 129
402.1 419
402.2 676
402.3 533
402.3 270
402.4 206
402.4 193
402.5 174
402.6 310
402.6 830
402.7 2174
402.8 5531
402.8 12772
402.9 29976
402.9 70979
403.0 151582
403.1 256227
403.1 321948
403.2 295431
403.3 200582
403.3 106227
403.4 49152
403.4 22615
403.5 11156
403.6 5729
403.6 3173
403.7 1897
403.8 1270
403.8 1068
403.9 1243
403.9 1750
404.0 3177
404.1 5834
404.1 8050
404.2 7628
404.3 5019
404.3 2479
404.4 1180
404.4 777
404.5 579
404.6 326
404.6 154
404.7 200
404.8 318
404.8 245
404.9 82
404.9 22
405.0 24
405.1 44
405.1 125
405.2 313
405.3 447
405.3 435
405.4 351
405.4 225
405.5 101
405.6 31
405.6 27
405.7 54
405.8 70
405.8 83
405.9 77
405.9 42
406.0 60
406.1 119
406.1 122
406.2 104
406.3 101
406.3 71
406.4 35
406.4 21
406.5 21
406.6 17
406.6 41
406.7 94
406.8 90
406.8 36
406.9 6
406.9 6
407.0 11
407.1 46
407.1 122
407.2 192
407.3 262
407.3 286
407.4 186
407.4 60
407.5 10
407.6 28
407.6 72
407.7 69
407.8 27
407.8 4
407.9 11
407.9 21
408.0 34
408.1 54
408.1 50
408.2 22
408.3 16
408.3 34
408.4 76
408.4 109
408.5 82
408.6 30
408.6 7
408.7 1
408.8 14
408.8 36
408.9 34
408.9 13
409.0 2
409.1 0
409.1 31
409.2 66
409.3 45
409.3 9
409.4 89
409.4 203
409.5 250
409.6 292
409.6 267
409.7 129
409.8 32
409.8 4
409.9 4
409.9 11
410.0 11
410.1 4
410.1 164
410.2 439
410.3 451
410.3 217
410.4 69
410.4 56
410.5 70
410.6 49
410.6 18
410.7 5
410.8 1
410.8 13
410.9 47
410.9 59
411.0 32
411.1 6
411.1 4
411.2 46
411.3 108
411.3 102
411.4 68
411.4 73
411.5 88
411.6 93
411.6 78
411.7 47
411.8 62
411.8 129
411.9 190
411.9 224
412.0 209
412.1 136
412.1 124
412.2 205
412.3 236
412.3 161
412.4 93
412.4 73
412.5 50
412.6 96
412.6 195
412.7 172
412.8 72
412.8 27
412.9 16
412.9 12
413.0 18
413.1 31
413.1 61
413.2 91
413.3 85
413.3 61
413.4 54
413.4 68
413.5 86
413.6 100
413.6 191
413.7 333
413.8 323
413.8 227
413.9 226
413.9 207
414.0 248
414.1 399
414.1 425
414.2 380
414.3 367
414.3 268
414.4 158
414.4 102
414.5 54
414.6 52
414.6 87
414.7 81
414.8 108
414.8 184
414.9 183
414.9 137
415.0 158
415.1 270
415.1 373
415.2 334
415.3 191
415.3 77
415.4 48
415.4 131
415.5 211
415.6 154
415.6 53
415.7 22
415.8 25
415.8 64
415.9 108
415.9 114
416.0 101
416.1 88
416.1 115
416.2 158
416.3 116
416.3 45
416.4 38
416.4 61
416.5 56
416.6 25
416.6 10
416.7 21
416.8 24
416.8 12
416.9 2
416.9 0
417.0 0
417.1 8
417.1 29
417.2 61
417.3 70
417.3 41
417.4 16
417.4 10
417.5 3
417.6 27
417.6 84
417.7 130
417.8 139
417.8 100
417.9 48
417.9 32
418.0 52
418.1 85
418.1 146
418.2 172
418.3 102
418.3 22
418.4 4
418.4 1
418.5 0
418.6 11
418.6 29
418.7 29
418.8 32
418.8 78
418.9 163
418.9 224
419.0 238
419.1 195
419.1 145
419.2 208
419.3 261
419.3 151
419.4 38
419.4 9
419.5 45
419.6 120
419.6 119
419.7 58
419.8 25
419.8 15
419.9 23
419.9 110
420.0 222
