50 703
50 873
50 1350
50 2026
50 3240
50 4759
50 5108
50 4087
51 2945
51 2357
51 2227
51 2203
51 2068
51 2146
51 2315
51 2167
51 2006
51 2166
51 2266
51 2095
51 2158
51 2415
51 2820
51 3399
52 3253
52 2419
52 1884
52 1893
52 2190
52 2277
52 2052
52 1770
52 1758
52 1857
52 1760
52 1757
52 1625
52 1155
52 1049
52 1642
53 2316
53 2391
53 1830
53 1244
53 1239
53 1433
53 1244
53 996
53 834
53 807
53 1142
53 1356
53 1193
53 1017
53 982
53 1285
54 1667
54 1494
54 1307
54 1633
54 1743
54 1334
54 893
54 1008
54 1727
54 2012
54 1621
54 1385
54 1247
54 899
54 740
54 941
55 1115
55 1089
55 1119
55 1114
55 900
55 948
55 1192
55 1088
55 889
55 939
55 1172
55 1463
55 1557
55 1468
55 1553
55 1758
56 1716
56 1354
56 1006
56 948
56 929
56 788
56 784
56 762
56 549
56 607
56 850
56 886
56 1002
56 1319
56 1456
56 1315
57 1070
57 1135
57 1445
57 1441
57 1144
57 963
57 1069
57 1267
57 1446
57 1886
57 2028
57 1487
57 1208
57 1570
57 2075
57 2452
58 2409
58 2089
58 1927
58 2037
58 2074
58 1781
58 1433
58 1295
58 1228
58 1267
58 1184
58 1003
58 1026
58 1049
58 913
58 750
59 702
59 805
59 965
59 1095
59 1069
59 1324
59 1730
59 1417
59 760
59 575
59 773
59 1067
59 1172
59 1154
59 1883
59 3136
60 3553
60 3220
60 2712
60 2058
60 1663
60 1425
60 1158
60 1158
60 1517
60 1830
60 1740
60 1289
60 841
60 581
60 607
60 952
61 1235
61 1096
61 736
61 411
61 235
61 225
61 318
61 392
61 456
61 545
61 561
61 574
61 809
61 1033
61 1031
61 990
62 1038
62 898
62 643
62 637
62 850
62 832
62 604
62 427
62 321
62 364
62 602
62 746
62 917
62 1127
62 1051
62 808
63 752
63 996
63 1308
63 1308
63 1024
63 732
63 667
63 744
63 817
63 966
63 1161
63 1203
63 1066
63 906
63 782
63 770
64 910
64 1001
64 974
64 867
64 663
64 474
64 599
64 908
64 840
64 722
64 890
64 834
64 573
64 407
64 265
64 224
65 499
65 821
65 794
65 672
65 655
65 663
65 695
65 585
65 563
65 819
65 1032
65 1146
65 1286
65 1330
65 1284
65 1323
66 1378
66 1311
66 1175
66 1353
66 1705
66 1808
66 1688
66 1413
66 1174
66 1067
66 894
66 854
66 993
66 1074
66 865
66 520
67 600
67 924
67 1026
67 994
67 1130
67 1216
67 1011
67 884
67 940
67 845
67 812
67 941
67 1071
67 1241
67 1452
67 1536
68 1613
68 2018
68 2507
68 2461
68 2383
68 2884
68 3465
68 3820
68 3985
68 3976
68 4058
68 4128
68 4997
68 6040
68 6115
68 5685
69 5338
69 5083
69 4310
69 3019
69 2418
69 2280
69 2438
69 2544
69 2100
69 2127
69 3133
69 3576
69 2811
69 2383
69 2820
69 3134
70 3477
70 4410
70 4753
70 4176
70 3772
70 3160
70 2159
70 1549
70 1275
70 1153
70 1089
70 1051
70 1656
70 2429
70 2311
70 1644
71 1158
71 1590
71 2635
71 2702
71 1925
71 1964
71 3365
71 4543
71 4057
71 3148
71 2730
71 2410
71 2123
71 1680
71 1344
71 1864
72 2913
72 3807
72 3834
72 3907
72 4278
72 3712
72 2973
72 2804
72 2332
72 1977
72 1737
72 1199
72 710
72 768
72 1036
72 1176
73 1464
73 1720
73 1636
73 1668
73 1906
73 2088
73 1993
73 1412
73 825
73 729
73 1104
73 1588
73 2070
73 2166
73 1620
73 1110
74 1060
74 1413
74 1826
74 1708
74 1287
74 1107
74 1257
74 1378
74 1341
74 1475
74 1678
74 1704
74 1782
74 1925
74 1757
74 1527
75 1926
75 2725
75 2961
75 2472
75 2021
75 2053
75 2282
75 2407
75 2725
75 2940
75 2438
75 1633
75 1371
75 1519
75 1606
75 1783
76 2370
76 2805
76 2901
76 2988
76 2830
76 2163
76 1496
76 1196
76 1209
76 1301
76 1290
76 1204
76 1216
76 1294
76 1202
76 1039
77 1036
77 971
77 746
77 838
77 1159
77 1178
77 1046
77 911
77 623
77 395
77 515
77 719
77 798
77 1018
77 1323
77 1418
78 1438
78 1285
78 843
78 499
78 525
78 762
78 922
78 1293
78 1986
78 2171
78 1672
78 1412
78 1533
78 1371
78 857
78 516
79 559
79 804
79 939
79 854
79 735
79 732
79 749
79 630
79 507
79 528
79 547
79 575
79 596
79 466
79 431
79 523
80 540
80 591
80 771
80 907
80 743
80 508
80 637
80 845
80 801
80 817
80 839
80 621
80 443
80 566
80 968
80 1180
81 988
81 843
81 830
81 857
81 1048
81 1125
81 907
81 848
81 1514
81 2090
81 1774
81 1306
81 1108
81 984
81 1122
81 1251
82 1172
82 1033
82 791
82 481
82 473
82 750
82 847
82 815
82 812
82 625
82 378
82 351
82 521
82 710
82 686
82 555
83 684
83 830
83 976
83 1400
83 1521
83 1109
83 700
83 547
83 758
83 1067
83 1261
83 1368
83 1377
83 1286
83 1061
83 880
84 1144
84 1717
84 2931
84 3754
84 2653
84 1188
84 1048
84 1518
84 2529
84 3397
84 3168
84 2314
84 1732
84 1325
84 988
84 932
85 1130
85 1193
85 1233
85 1311
85 1382
85 1328
85 1354
85 1502
85 1441
85 1270
85 1297
85 1361
85 1598
85 1891
85 1914
85 1554
86 1317
86 1663
86 2124
86 2544
86 3123
86 3724
86 3684
86 3210
86 3552
86 3911
86 2987
86 1846
86 1740
86 2336
86 2365
86 1845
87 1441
87 1048
87 648
87 514
87 872
87 1437
87 1551
87 1176
87 971
87 1067
87 1043
87 983
87 1432
87 3784
87 6118
87 5605
88 4238
88 3680
88 2961
88 2629
88 2797
88 2665
88 2094
88 1862
88 3604
88 5913
88 5264
88 3621
88 4116
88 4414
88 3376
88 2948
89 3057
89 2486
89 2069
89 2213
89 2185
89 1882
89 1563
89 1221
89 1015
89 1424
89 1910
89 1737
89 1589
89 1645
89 1859
89 2408
90 2545
90 2004
90 1588
90 1414
90 1428
90 1830
90 2267
90 2503
90 2736
90 2747
90 2639
90 2503
90 2159
90 1839
90 1696
90 1412
91 1137
91 1343
91 1515
91 1249
91 1261
91 1525
91 1464
91 1406
91 1373
91 1260
91 1147
91 938
91 815
91 861
91 759
91 742
92 1034
92 1168
92 845
92 561
92 585
92 720
92 841
92 1025
92 1197
92 1183
92 1069
92 1293
92 1698
92 1688
92 1235
92 923
93 932
93 885
93 1021
93 1584
93 1777
93 1550
93 1581
93 1817
93 2085
93 2351
93 2331
93 1967
93 1654
93 1774
93 1967
93 1997
94 2380
94 2709
94 2488
94 2219
94 2431
94 2895
94 2689
94 2179
94 2300
94 2692
94 2667
94 2047
94 1719
94 2045
94 2037
94 1800
95 1803
95 1827
95 1871
95 1636
95 1021
95 940
95 1359
95 1605
95 1770
95 1787
95 1633
95 1452
95 1122
95 818
95 956
95 1338
96 1431
96 1170
96 928
96 848
96 934
96 1116
96 1316
96 1326
96 1082
96 760
96 656
96 869
96 1141
96 1172
96 1138
96 1143
97 955
97 695
97 698
97 847
97 1049
97 1304
97 1378
97 1192
97 1080
97 1241
97 1340
97 1362
97 1423
97 1257
97 1011
97 898
98 1033
98 1369
98 1273
98 742
98 600
98 794
98 744
98 585
98 613
98 627
98 531
98 818
98 1461
98 1712
98 1670
98 1496
99 1068
99 721
99 845
99 1488
99 1982
99 1691
99 1024
99 641
99 1063
99 1581
99 1219
99 796
99 969
99 966
99 991
99 1271
100 1544
100 1642
100 1381
100 942
100 742
100 899
100 1617
100 2205
100 2128
100 1980
100 1871
100 1408
100 1300
100 1612
100 1495
100 1295
101 1451
101 1353
101 1071
101 965
101 1037
101 1197
101 1205
101 1705
101 2452
101 2245
101 1805
101 1802
101 1597
101 1313
101 1240
101 1286
102 1670
102 2361
102 2528
102 2455
102 2479
102 1916
102 1166
102 1561
102 2918
102 3295
102 2440
102 2031
102 1873
102 1393
102 1029
102 871
103 921
103 1263
103 1367
103 1115
103 977
103 922
103 724
103 669
103 1352
103 2200
103 1818
103 877
103 695
103 871
103 936
103 1041
104 1070
104 865
104 810
104 1001
104 982
104 784
104 655
104 450
104 313
104 480
104 728
104 836
104 924
104 951
104 842
104 899
105 1056
105 1005
105 810
105 628
105 603
105 1069
105 1663
105 1589
105 1077
105 759
105 573
105 518
105 630
105 855
105 1137
105 1399
106 1527
106 1560
106 1429
106 1157
106 1033
106 1063
106 1126
106 1191
106 1030
106 762
106 725
106 785
106 683
106 615
106 711
106 809
107 826
107 697
107 614
107 702
107 682
107 548
107 462
107 503
107 743
107 875
107 743
107 595
107 595
107 644
107 689
107 735
108 881
108 1170
108 1369
108 1217
108 990
108 1002
108 1029
108 905
108 881
108 1151
108 1310
108 1170
108 1104
108 1011
108 795
108 880
109 1194
109 1236
109 1003
109 871
109 846
109 928
109 1093
109 1012
109 755
109 575
109 627
109 1011
109 1279
109 983
109 562
109 431
110 463
110 705
110 970
110 954
110 933
110 1269
110 1527
110 1215
110 694
110 439
110 485
110 584
110 448
110 247
110 247
110 464
111 713
111 713
111 584
111 641
111 724
111 855
111 958
111 847
111 1097
111 1806
111 2190
111 2094
111 1951
111 2044
111 1994
111 1612
112 1259
112 1199
112 1287
112 1387
112 1511
112 1578
112 1670
112 1895
112 2314
112 2752
112 2581
112 2092
112 1843
112 1561
112 1414
112 1384
113 1102
113 996
113 1214
113 1210
113 1122
113 1137
113 1020
113 1017
113 1230
113 1463
113 1564
113 1182
113 772
113 809
113 714
113 515
114 713
114 1049
114 1224
114 1236
114 1153
114 1020
114 936
114 925
114 1130
114 1496
114 1700
114 1480
114 955
114 542
114 427
114 648
115 1018
115 905
115 467
115 400
115 772
115 1150
115 1149
115 911
115 815
115 776
115 735
115 811
115 916
115 1120
115 1456
115 1575
116 1352
116 1442
116 1862
116 2031
116 2101
116 2115
116 1629
116 1056
116 1032
116 1366
116 1530
116 1420
116 1117
116 865
116 898
116 1412
117 1769
117 1480
117 1171
117 1133
117 1193
117 1839
117 3321
117 5354
117 7909
117 9331
117 7640
117 4637
117 2750
117 1787
117 1263
117 1114
118 1245
118 1293
118 1019
118 675
118 575
118 536
118 1504
118 4090
118 6087
118 6355
118 5985
118 4906
118 3286
118 2064
118 1550
118 1500
119 1446
119 1202
119 966
119 867
119 785
119 627
119 844
119 1181
119 1057
119 798
119 627
119 453
119 493
119 626
119 561
119 409
120 384
120 365
120 244
120 193
120 279
120 361
120 419
120 596
120 743
120 723
120 657
120 572
120 811
120 1470
120 1854
120 1558
121 928
121 605
121 822
121 1178
121 1305
121 1357
121 1792
121 3141
121 5320
121 6452
121 5244
121 3162
121 1714
121 996
121 1044
121 1810
122 2937
122 4025
122 4429
122 3870
122 3110
122 2985
122 3187
122 3149
122 3287
122 3746
122 3633
122 3136
122 2764
122 2452
122 2420
122 2656
123 2600
123 2350
123 2801
123 3920
123 4403
123 5181
123 10679
123 21685
123 31385
123 31855
123 23317
123 13093
123 6580
123 3625
123 2556
123 2083
124 1930
124 2105
124 2323
124 2280
124 2340
124 2732
124 2830
124 2941
124 3609
124 3762
124 3234
124 2665
124 2170
124 2090
124 2289
124 2204
125 1926
125 1612
125 1165
125 1035
125 1438
125 1751
125 2723
125 5170
125 7008
125 6187
125 4083
125 2760
125 2424
125 2784
125 3131
125 3052
126 2908
126 2702
126 2898
126 3133
126 2557
126 2528
126 4598
126 7816
126 8979
126 7125
126 4685
126 2966
126 1856
126 1328
126 1394
126 1785
127 2096
127 2229
127 2017
127 1814
127 2090
127 3651
127 7827
127 14024
127 18618
127 17533
127 12025
127 7195
127 4774
127 3700
127 3434
127 4296
128 5649
128 5936
128 5577
128 6337
128 10629
128 26419
128 75985
128 171206
128 252328
128 240904
128 155926
128 75393
128 31889
128 13510
128 5904
128 3877
129 4247
129 5063
129 5893
129 6732
129 9201
129 19938
129 57151
129 125277
129 183057
129 178412
129 117889
129 55944
129 23082
129 9968
129 4848
129 3285
130 2840
130 2186
130 1640
130 1646
130 2019
130 3185
130 7384
130 16456
130 25583
130 26826
130 19908
130 11471
130 6656
130 5291
130 5384
130 6351
131 7662
131 8079
131 7688
131 8616
131 14515
131 32520
131 83948
131 199210
131 326651
131 347275
131 249443
131 131576
131 56534
131 23836
131 11834
131 6796
132 4796
132 4080
132 3296
132 2650
132 2774
132 4012
132 7102
132 12351
132 17431
132 17935
132 13761
132 9341
132 6715
132 5191
132 5120
132 6009
133 6363
133 6075
133 6870
133 9301
133 13393
133 27392
133 75781
133 183180
133 306757
133 341605
133 257118
133 136942
133 56863
133 21875
133 9180
133 4969
134 3311
134 2343
134 1908
134 1829
134 1985
134 2578
134 4396
134 8202
134 12313
134 13584
134 11662
134 8217
134 5185
134 4040
134 4336
134 4987
135 5821
135 6304
135 6147
135 6793
135 10892
135 23008
135 57535
135 130724
135 214906
135 240966
135 186727
135 104518
135 45845
135 17946
135 7105
135 3346
136 2374
136 1977
136 1471
136 1041
136 1157
136 1903
136 3006
136 5201
136 8266
136 9091
136 6763
136 4093
136 2724
136 2405
136 2605
136 2568
137 2403
137 2534
137 2647
137 2818
137 3704
137 6510
137 13933
137 26205
137 36298
137 36067
137 26082
137 14588
137 7561
137 4556
137 3162
137 2249
138 1647
138 1636
138 2371
138 3022
138 2795
138 2212
138 2012
138 2436
138 3378
138 3823
138 3291
138 2581
138 2285
138 2622
138 3159
138 3014
139 2494
139 2133
139 1870
139 1886
139 2301
139 3167
139 4395
139 6216
139 7464
139 6405
139 4192
139 2590
139 1840
139 1503
139 1041
139 812
140 1038
140 1168
140 1340
140 1702
140 1776
140 1546
140 1490
140 1512
140 1323
140 1225
140 1464
140 1653
140 1671
140 1890
140 2438
140 3010
141 3419
141 4197
141 5304
141 6717
141 12136
141 31582
141 81896
141 159775
141 207783
141 176593
141 101921
141 44952
141 18404
141 8568
141 5288
141 4135
142 3801
142 3586
142 3526
142 4469
142 7390
142 16545
142 41872
142 84070
142 113328
142 100678
142 61871
142 29611
142 13379
142 7557
142 5997
142 5426
143 5278
143 6096
143 7972
143 11424
143 20368
143 46910
143 123608
143 264770
143 380497
143 355379
143 222377
143 102198
143 40698
143 16221
143 7430
143 4641
144 3616
144 3107
144 2574
144 2629
144 4116
144 8700
144 20825
144 42814
144 59856
144 54156
144 33475
144 16467
144 7911
144 5185
144 5302
144 6401
145 7401
145 8487
145 10343
145 14517
145 25866
145 63254
145 174971
145 382142
145 561296
145 544221
145 359275
145 172899
145 67608
145 25110
145 10682
145 5607
146 3887
146 3363
146 3003
146 2696
146 2708
146 4518
146 11939
146 26453
146 39544
146 39572
146 27729
146 15425
146 8816
146 6242
146 5020
146 4928
147 6497
147 8709
147 9993
147 12737
147 22194
147 52108
147 140989
147 312061
147 477063
147 491856
147 350225
147 180931
147 73441
147 27249
147 11577
147 5732
148 3325
148 2435
148 1868
148 1972
148 2623
148 3288
148 5473
148 10760
148 16789
148 17957
148 13325
148 7892
148 4405
148 2699
148 2592
148 2799
149 3217
149 4013
149 4677
149 6012
149 11279
149 29179
149 73645
149 148766
149 220186
149 227406
149 163998
149 87227
149 37345
149 14066
149 5853
149 2955
150 1654
150 1237
150 1153
150 1196
150 1562
150 2386
150 4106
150 7090
150 9766
150 9593
150 6704
150 3844
150 2383
150 1665
150 1436
150 1744
151 2043
151 2084
151 2464
151 4160
151 9767
151 24639
151 52839
151 83571
151 90467
151 66951
151 36404
151 16604
151 7218
151 3341
151 1658
151 1128
152 1201
152 1955
152 2831
152 3198
152 4725
152 10891
152 25282
152 42176
152 45876
152 32735
152 16789
152 7700
152 3882
152 2436
152 2151
152 2241
153 2540
153 2725
153 3123
153 4740
153 9454
153 25128
153 64553
153 113983
153 128633
153 94372
153 48017
153 20156
153 9081
153 4546
153 2671
153 2135
154 2196
154 2409
154 2390
154 2821
154 4591
154 9950
154 23760
154 42599
154 49736
154 38004
154 20581
154 9711
154 5131
154 3367
154 2745
154 2741
155 3300
155 4479
155 5704
155 8385
155 16449
155 42966
155 113677
155 218473
155 276118
155 229608
155 131104
155 57464
155 23024
155 9870
155 5688
155 4653
156 4339
156 3749
156 3384
156 3767
156 4294
156 6494
156 14775
156 28496
156 38257
156 35466
156 22968
156 11082
156 5155
156 3544
156 3550
156 3965
157 4725
157 5838
157 7522
157 11741
157 23819
157 61473
157 159580
157 317528
157 430119
157 389171
157 240617
157 109125
157 41724
157 15877
157 6791
157 3695
158 2465
158 2349
158 2669
158 2730
158 3475
158 7378
158 18463
158 35002
158 45678
158 41117
158 26513
158 14305
158 8729
158 7020
158 7053
158 7274
159 8518
159 12202
159 16910
159 22958
159 42128
159 111738
159 299285
159 627162
159 906992
159 875763
159 574307
159 273212
159 107403
159 41858
159 18317
159 9690
160 6464
160 4819
160 4028
160 4071
160 4466
160 6625
160 14519
160 31626
160 48892
160 48537
160 31324
160 15141
160 7477
160 5259
160 5065
160 5275
161 6183
161 8078
161 10661
161 14697
161 25891
161 63680
161 169102
161 354259
161 522043
161 530768
161 375672
161 191703
161 77564
161 29493
161 13003
161 7184
162 4600
162 3558
162 3367
162 3617
162 4092
162 5212
162 8758
162 15076
162 20454
162 20443
162 15504
162 9668
162 5607
162 3822
162 3255
162 2689
163 3137
163 6193
163 8731
163 8024
163 8328
163 17550
163 42088
163 78294
163 105114
163 101160
163 70509
163 36828
163 15302
163 5513
163 2067
163 1418
164 1634
164 1420
164 1121
164 1215
164 1356
164 2301
164 3915
164 4910
164 5449
164 5266
164 3747
164 2066
164 1127
164 879
164 1112
164 1442
165 1445
165 1424
165 2571
165 5227
165 11732
165 33533
165 80993
165 133223
165 145770
165 108076
165 56446
165 22642
165 8435
165 3862
165 2640
165 2573
166 2745
166 2771
166 2508
166 2277
166 2925
166 6254
166 15268
166 27210
166 31101
166 22931
166 11692
166 4924
166 2421
166 1708
166 1537
166 1759
167 1947
167 1947
167 2640
167 4495
167 10603
167 30628
167 74766
167 128583
167 146256
167 109483
167 56908
167 23975
167 9931
167 4487
167 2451
167 1602
168 1082
168 823
168 899
168 1603
168 3479
168 8749
168 21284
168 38720
168 47065
168 37393
168 20083
168 8524
168 3901
168 2397
168 2115
168 2315
169 2663
169 3099
169 4416
169 8347
169 18997
169 51930
169 131339
169 246250
169 310447
169 258689
169 147631
169 64214
169 25022
169 10299
169 5010
169 3125
170 2073
170 1304
170 1417
170 2287
170 3214
170 5850
170 12693
170 22820
170 28634
170 24021
170 14429
170 7649
170 4419
170 3271
170 3138
170 3999
171 5967
171 8024
171 9865
171 14198
171 28666
171 74214
171 185628
171 359006
171 475734
171 418569
171 251791
171 113599
171 43523
171 16285
171 7199
171 4280
172 3554
172 3054
172 2538
172 2671
172 4396
172 8457
172 18175
172 33917
172 44947
172 40843
172 25999
172 12785
172 6693
172 4802
172 4048
172 3923
173 4386
173 5017
173 6328
173 10147
173 21608
173 58095
173 145547
173 273554
173 357366
173 318067
173 195405
173 88358
173 33971
173 13410
173 6117
173 3362
174 2552
174 2132
174 2227
174 2598
174 2604
174 3379
174 6462
174 12192
174 16618
174 15096
174 9653
174 4979
174 2716
174 2274
174 2176
174 2419
175 3298
175 4411
175 5570
175 8660
175 17722
175 44144
175 107978
175 209497
175 286758
175 267528
175 172845
175 83715
175 34913
175 14307
175 7075
175 4889
176 3508
176 2425
176 1867
176 1807
176 2114
176 3724
176 7049
176 10952
176 13569
176 13069
176 9728
176 5965
176 3602
176 2962
176 2770
176 2425
177 2314
177 2753
177 4163
177 7246
177 15351
177 38930
177 85904
177 136584
177 148525
177 111004
177 60103
177 26452
177 10725
177 4757
177 2920
177 2191
178 1614
178 1433
178 1869
178 3033
178 6846
178 18216
178 40378
178 62809
178 64885
178 45453
178 23607
178 10292
178 4454
178 2879
178 2885
178 3285
179 3635
179 4128
179 5030
179 7038
179 14106
179 36197
179 83259
179 133058
179 139791
179 99061
179 50819
179 21093
179 8489
179 4287
179 3157
179 2663
180 2118
180 1467
180 1134
180 1665
180 3569
180 7509
180 15288
180 24615
180 26625
180 19512
180 11091
180 5710
180 3060
180 2273
180 2318
180 2435
181 2112
181 2219
181 3382
181 5506
181 12610
181 37320
181 93850
181 164549
181 189357
181 143897
181 76723
181 32517
181 12972
181 6260
181 3937
181 3044
182 2555
182 2023
182 1546
182 1334
182 2836
182 8531
182 19723
182 32494
182 38434
182 32751
182 20428
182 10663
182 6389
182 4882
182 4481
182 4812
183 4842
183 5530
183 7938
183 12354
183 24283
183 65032
183 167709
183 322414
183 416885
183 354483
183 203470
183 86798
183 31959
183 12108
183 6013
183 3824
184 2843
184 2352
184 2331
184 2636
184 3414
184 7118
184 16264
184 28927
184 36822
184 32551
184 20428
184 10325
184 5659
184 4200
184 3898
184 4166
185 4662
185 5806
185 8096
185 13140
185 27496
185 76278
185 198902
185 385576
185 506443
185 445113
185 271782
185 126340
185 49731
185 19056
185 9093
185 6341
186 5296
186 4106
186 3224
186 3207
186 3965
186 6358
186 13561
186 25672
186 35251
186 33492
186 22104
186 11386
186 6177
186 4128
186 3947
186 4632
187 5445
187 6783
187 8469
187 13007
187 28770
187 79284
187 192638
187 343427
187 429322
187 373318
187 228735
187 105198
187 41993
187 17786
187 9709
187 6593
188 4927
188 4011
188 3488
188 3136
188 3761
188 6048
188 12041
188 21049
188 25774
188 22254
188 16027
188 12021
188 9473
188 7761
188 8052
188 9882
189 11765
189 14423
189 21586
189 37353
189 72724
189 182547
189 519868
189 1268146
189 2194317
189 2534567
189 1956232
189 1046853
189 422519
189 147691
189 53612
189 23659
190 12964
190 8323
190 6493
190 6733
190 8441
190 13481
190 28334
190 59783
190 97055
190 108767
190 82645
190 44711
190 20201
190 9300
190 4893
190 3382
191 3158
191 4054
191 5383
191 6962
191 12936
191 30933
191 67300
191 107196
191 115457
191 83969
191 43637
191 18903
191 9033
191 5538
191 3845
191 2775
192 2313
192 2530
192 2998
192 3372
192 4318
192 8707
192 17977
192 27098
192 28249
192 20422
192 10846
192 5380
192 3400
192 2881
192 3050
192 3322
193 3984
193 5691
193 9907
193 17427
193 31634
193 69022
193 150890
193 249183
193 278779
193 209418
193 110346
193 45170
193 17363
193 8412
193 5780
193 4866
194 3993
194 3058
194 2723
194 3128
194 4826
194 9143
194 16504
194 24838
194 27005
194 19719
194 10621
194 5848
194 3955
194 3437
194 3253
194 2963
195 3303
195 4331
195 6276
195 11825
195 29405
195 79458
195 177202
195 288033
195 325699
195 251296
195 134705
195 55835
195 21912
195 9434
195 4923
195 3155
196 2324
196 1913
196 1946
196 2794
196 5079
196 11845
196 26636
196 42647
196 45940
196 34171
196 18498
196 8270
196 3954
196 2709
196 2440
196 2514
197 3181
197 4716
197 7560
197 14586
197 33726
197 87209
197 215747
197 394053
197 484914
197 402933
197 232923
197 100587
197 39104
197 17208
197 9451
197 6369
198 4257
198 2813
198 2326
198 2540
198 3866
198 8120
198 18547
198 35337
198 46735
198 41298
198 25205
198 11526
198 5423
198 4535
198 4783
198 4602
199 4594
199 5802
199 8694
199 15146
199 31359
199 79071
199 192426
199 351201
199 444667
199 388909
199 239428
199 109324
199 41516
199 15491
199 7217
199 4791
200 3531
200 2826
200 2838
200 3168
200 3612
200 5566
200 11925
200 22568
200 30528
200 29027
200 21030
200 13569
200 8934
200 6469
200 5231
200 4136
201 3485
201 4164
201 6344
201 11013
201 24407
201 64401
201 148554
201 253494
201 301419
201 247250
201 144296
201 65768
201 27133
201 11523
201 4968
201 2475
202 2023
202 1913
202 1522
202 1760
202 3112
202 6422
202 13038
202 20061
202 21079
202 15808
202 9395
202 4946
202 2547
202 1561
202 1230
202 1258
203 1504
203 2097
203 3230
203 6048
203 13705
203 36784
203 85696
203 141750
203 163572
203 136408
203 84506
203 39854
203 15672
203 6205
203 3006
203 2260
204 1908
204 1526
204 1476
204 1844
204 2756
204 5163
204 9085
204 13169
204 14745
204 11853
204 6793
204 3320
204 1991
204 1668
204 1686
204 1712
205 1625
205 1737
205 2888
205 5921
205 12066
205 27628
205 61109
205 99845
205 110674
205 83953
205 45289
205 18720
205 7556
205 4521
205 3672
205 3032
206 2367
206 2098
206 2296
206 2472
206 3103
206 5994
206 12611
206 19964
206 21042
206 14642
206 7546
206 4021
206 2826
206 2356
206 2039
206 1594
207 1545
207 2149
207 3649
207 7312
207 15625
207 38788
207 92008
207 158186
207 180382
207 136871
207 72603
207 30081
207 11417
207 4719
207 2462
207 1861
208 1977
208 1953
208 1767
208 1992
208 2916
208 5712
208 11585
208 18471
208 20991
208 16958
208 10503
208 5838
208 3445
208 2560
208 2404
208 2311
209 2365
209 3320
209 5155
209 8474
209 18087
209 48468
209 117918
209 205754
209 242850
209 196138
209 113108
209 50535
209 19787
209 7703
209 3541
209 2549
210 2876
210 3494
210 3633
210 3241
210 3805
210 6631
210 12801
210 21373
210 26332
210 21936
210 12386
210 5972
210 3997
210 3499
210 3626
210 4086
211 4384
211 5106
211 8205
211 15976
211 36895
211 103481
211 261020
211 475929
211 582308
211 475710
211 268950
211 115152
211 43062
211 17164
211 8570
211 5344
212 3465
212 2412
212 2212
212 2623
212 4802
212 10240
212 19951
212 34322
212 47258
212 45705
212 29442
212 13708
212 6116
212 3462
212 2918
212 2719
213 2749
213 4055
213 7254
213 14178
213 31065
213 83665
213 215063
213 414743
213 552786
213 503214
213 320023
213 152397
213 61372
213 23742
213 10243
213 5750
214 3813
214 2743
214 2202
214 2313
214 3554
214 6633
214 12789
214 23065
214 32928
214 32648
214 21989
214 11547
214 6600
214 4876
214 3828
214 3878
215 5316
215 7396
215 12111
215 22649
215 46637
215 117681
215 315008
215 698862
215 1130005
215 1259386
215 952460
215 500554
215 200701
215 72175
215 28042
215 13174
216 6620
216 3340
216 2351
216 2510
216 4177
216 8854
216 19220
216 39319
216 62465
216 68922
216 52123
216 28382
216 12696
216 6046
216 3797
216 3324
217 3557
217 3699
217 4674
217 8319
217 17159
217 42454
217 107686
217 220346
217 330916
217 353917
217 266498
217 143760
217 60608
217 23343
217 9374
217 4529
218 2818
218 2383
218 2293
218 2256
218 2878
218 5040
218 9995
218 16633
218 20795
218 20155
218 15526
218 9506
218 5007
218 2801
218 2198
218 2215
219 2151
219 2538
219 3136
219 3543
219 7073
219 20435
219 50716
219 87935
219 99585
219 74874
219 41344
219 20082
219 9628
219 4779
219 2843
219 2329
220 2229
220 2088
220 2215
220 2548
220 3142
220 5687
220 11490
220 17102
220 17723
220 13261
220 7712
220 4135
220 2598
220 2120
220 2096
220 2150
221 2522
221 3227
221 4221
221 7426
221 19330
221 56031
221 131173
221 216817
221 247072
221 194487
221 107392
221 44156
221 15891
221 6373
221 3473
221 2442
222 1965
222 1815
222 2264
222 2950
222 3978
222 7092
222 13962
222 21589
222 24281
222 19921
222 11844
222 5391
222 2653
222 1742
222 1281
222 1118
223 1210
223 1556
223 2631
223 5333
223 13085
223 34109
223 84714
223 159486
223 201703
223 170377
223 101081
223 45671
223 17348
223 6571
223 3004
223 1575
224 1052
224 1321
224 1840
224 2198
224 3125
224 5696
224 11132
224 18339
224 21547
224 18020
224 11614
224 6267
224 3221
224 2122
224 1711
224 1582
225 2000
225 3284
225 5723
225 10884
225 24417
225 63160
225 159667
225 293624
225 361052
225 302134
225 180398
225 82164
225 31959
225 12701
225 6371
225 3645
226 2161
226 1372
226 1099
226 1233
226 1948
226 4380
226 11203
226 22643
226 30498
226 27281
226 17551
226 9481
226 5146
226 3315
226 2845
226 3068
227 3361
227 4079
227 6706
227 13671
227 31375
227 77714
227 192080
227 395009
227 587288
227 599560
227 422941
227 216563
227 88192
227 33185
227 14641
227 7684
228 4667
228 3176
228 2421
228 2652
228 3619
228 6124
228 13521
228 25945
228 35626
228 35511
228 27027
228 17152
228 10236
228 5834
228 3386
228 2405
229 2156
229 2932
229 4663
229 8407
229 19429
229 53185
229 130678
229 231703
229 277966
229 227805
229 133365
229 60448
229 25127
229 14478
229 11892
229 8489
230 4858
230 2812
230 1915
230 1769
230 1928
230 3553
230 8737
230 15917
230 19477
230 16378
230 9726
230 4426
230 2501
230 2390
230 2295
230 2358
231 2633
231 2845
231 4279
231 8516
231 19415
231 51489
231 123703
231 219846
231 270277
231 229198
231 138567
231 64069
231 24904
231 9341
231 4198
231 3005
232 2995
232 2426
232 1590
232 1604
232 2578
232 5125
232 10580
232 17495
232 20642
232 17409
232 10793
232 5317
232 2755
232 2618
232 2990
232 2354
233 1597
233 1762
233 2686
233 4074
233 7935
233 19724
233 45980
233 81488
233 100119
233 83679
233 49674
233 23343
233 9977
233 4753
233 3576
233 3276
234 2626
234 1832
234 1432
234 1762
234 2842
234 5160
234 9623
234 16036
234 19454
234 16089
234 9629
234 4703
234 2072
234 1260
234 1235
234 1313
235 1380
235 1673
235 2500
235 4597
235 11579
235 30890
235 76103
235 141322
235 178537
235 153813
235 95558
235 46320
235 19300
235 8297
235 4486
235 2690
236 1690
236 1234
236 994
236 832
236 1245
236 3206
236 7777
236 14902
236 20051
236 18071
236 11111
236 5161
236 2223
236 1447
236 1753
236 2022
237 1811
237 1962
237 3142
237 5363
237 9910
237 25492
237 64645
237 125352
237 170586
237 158798
237 102513
237 48669
237 18729
237 7387
237 4352
237 3473
238 3022
238 2632
238 2280
238 2315
238 2782
238 4140
238 7835
238 16206
238 24559
238 23938
238 15857
238 8615
238 4592
238 2796
238 2380
238 2514
239 2963
239 4956
239 9685
239 21081
239 54261
239 151856
239 353033
239 591343
239 686369
239 555330
239 324037
239 145494
239 55394
239 21333
239 9836
239 5749
240 3838
240 2791
240 2697
240 3255
240 5237
240 12252
240 26481
240 43656
240 53499
240 47231
240 29497
240 14107
240 6563
240 3792
240 3013
240 2735
241 2692
241 3238
241 4883
241 8758
241 21574
241 60049
241 144286
241 248197
241 286099
241 222843
241 122944
241 51616
241 18804
241 7736
241 3851
241 2252
242 2146
242 2716
242 2821
242 2764
242 3154
242 5166
242 10026
242 16105
242 19452
242 16756
242 9921
242 4610
242 2742
242 3018
242 3623
242 5576
243 8336
243 7724
243 5331
243 6504
243 15795
243 45901
243 111924
243 200094
243 246900
243 207500
243 121969
243 55386
243 24805
243 13885
243 8823
243 6989
244 6409
244 4690
244 2759
244 2150
244 2725
244 4747
244 9391
244 15705
244 19481
244 17605
244 11709
244 6205
244 3598
244 2996
244 2705
244 2395
245 2084
245 2017
245 3004
245 5539
245 10972
245 25327
245 62421
245 121642
245 164503
245 153385
245 101877
245 50446
245 20168
245 7880
245 4030
245 2622
246 1666
246 980
246 1040
246 1657
246 2584
246 4083
246 7653
246 12932
246 16125
246 14312
246 8966
246 4199
246 1985
246 1114
246 915
246 1209
247 1530
247 1811
247 2366
247 3533
247 8302
247 24546
247 60980
247 110750
247 137115
247 115254
247 69102
247 31918
247 12419
247 5509
247 3358
247 2488
248 2073
248 1574
248 1198
248 1255
248 1696
248 3029
248 6571
248 12267
248 16100
248 14420
248 9322
248 5112
248 2834
248 1759
248 1682
248 1894
249 1864
249 1753
249 2368
249 4940
249 11314
249 30382
249 75020
249 137938
249 177665
249 159215
249 100792
249 47274
249 18632
249 7985
249 3992
249 2090
250 1461
250 1451
250 1887
250 2365
250 2832
250 5361
250 12238
250 22935
250 31855
250 31111
250 20816
250 10167
250 4730
250 2745
250 2156
250 2138
251 2167
251 2750
251 3854
251 6542
251 14666
251 34067
251 79959
251 161670
251 236252
251 236591
251 164008
251 82888
251 34507
251 14422
251 7054
251 4560
252 4038
252 3769
252 3347
252 3032
252 3323
252 5621
252 11487
252 21531
252 31951
252 33612
252 24413
252 13360
252 7255
252 5267
252 5109
252 5741
253 6521
253 7963
253 13894
253 31295
253 78906
253 214824
253 573333
253 1284165
253 2095352
253 2360563
253 1836726
253 1021923
253 440125
253 167530
253 65200
253 29276
254 15050
254 9440
254 8300
254 9918
254 16051
254 36771
254 98171
254 232361
254 407533
254 492744
254 406851
254 237018
254 105985
254 41987
254 17754
254 8958
255 5314
255 4460
255 5325
255 8528
255 17296
255 40539
255 93191
255 177341
255 252118
255 259010
255 192853
255 106090
255 45129
255 17425
255 8068
255 4843
256 3314
256 2254
256 1962
256 2456
256 2986
256 4087
256 7673
256 13706
256 18229
256 17225
256 11672
256 5880
256 2752
256 1997
256 1883
256 1981
257 2734
257 4234
257 6476
257 11662
257 27179
257 71875
257 164422
257 276827
257 323679
257 259900
257 147511
257 64519
257 24542
257 9638
257 4884
257 2728
258 1825
258 1648
258 1742
258 1935
258 2813
258 5174
258 10190
258 17899
258 22422
258 18574
258 10708
258 5184
258 3089
258 2878
258 2601
258 1834
259 1523
259 1917
259 2408
259 4202
259 10372
259 25564
259 56544
259 96291
259 114702
259 93902
259 54590
259 24810
259 10510
259 4736
259 2261
259 1513
260 1648
260 1697
260 1770
260 1928
260 2373
260 4048
260 7417
260 11742
260 14030
260 11657
260 6864
260 3554
260 2245
260 1564
260 1251
260 1303
261 1158
261 1140
261 1815
261 3196
261 6674
261 18412
261 47727
261 91372
261 121334
261 111393
261 71565
261 33611
261 13078
261 5137
261 2273
261 1314
262 956
262 730
262 666
262 908
262 1526
262 3248
262 6201
262 10781
262 15058
262 14341
262 9409
262 5086
262 2725
262 1952
262 2083
262 2001
263 1388
263 1005
263 1278
263 2125
263 4871
263 13177
263 34007
263 71742
263 106017
263 104646
263 70944
263 35889
263 15224
263 6028
263 2597
263 1845
264 1646
264 1155
264 763
264 654
264 950
264 2284
264 5962
264 13047
264 19932
264 20664
264 15112
264 8499
264 4425
264 2675
264 1884
264 1604
265 1610
265 1941
265 2651
265 4511
265 9915
265 25498
265 65633
265 133687
265 195914
265 200334
265 143109
265 75018
265 32698
265 14165
265 7511
265 4340
266 2511
266 2074
266 2203
266 2933
266 4206
266 5496
266 8862
266 15248
266 21039
266 21877
266 17152
266 10730
266 6299
266 3882
266 2474
266 1803
267 2219
267 3647
267 5700
267 10805
267 25303
267 67059
267 162111
267 284515
267 336624
267 270720
267 155615
267 70347
267 28048
267 10939
267 4958
267 3043
268 2330
268 2102
268 2024
268 2205
268 3298
268 6333
268 11883
268 17973
268 21196
268 19243
268 13175
268 7122
268 3919
268 3178
268 3559
268 3853
269 3695
269 4063
269 5684
269 7485
269 9898
269 18449
269 39707
269 69944
269 89158
269 81593
269 56587
269 31904
269 15468
269 8667
269 7003
269 5614
270 5506
270 7300
270 7576
270 6673
270 7010
270 8083
270 10398
270 13924
270 15881
270 14419
270 10073
270 6336
270 4830
270 4312
270 4955
270 5921
271 5351
271 4657
271 7510
271 14659
271 31226
271 77537
271 175250
271 306064
271 385866
271 343670
271 220604
271 108450
271 44679
271 18422
271 9758
271 6152
272 4448
272 4073
272 4499
272 4797
272 4773
272 6409
272 12406
272 22563
272 29746
272 27683
272 20210
272 12512
272 6119
272 3014
272 2790
272 2919
273 2612
273 2415
273 2679
273 3032
273 3653
273 7044
273 16477
273 30177
273 39387
273 36852
273 25547
273 13943
273 6702
273 3795
273 3533
273 3706
274 3466
274 2837
274 2107
274 1821
274 2443
274 4024
274 7488
274 13126
274 16825
274 15042
274 10256
274 5817
274 3127
274 2480
274 2471
274 1858
275 1420
275 1844
275 2657
275 3805
275 6499
275 16263
275 41537
275 81874
275 113552
275 106972
275 68908
275 32918
275 13628
275 5469
275 2496
275 1886
276 2015
276 2092
276 2141
276 2204
276 2514
276 3744
276 6163
276 10985
276 16492
276 17846
276 13872
276 8217
276 4469
276 3061
276 2512
276 2376
277 2197
277 1905
277 1877
277 2362
277 4055
277 10314
277 26593
277 55539
277 85614
277 92345
277 69727
277 38907
277 17729
277 7621
277 3672
277 1961
278 1349
278 1529
278 1988
278 1997
278 1875
278 2455
278 4369
278 7429
278 10341
278 10961
278 8524
278 5355
278 3711
278 3339
278 3110
278 2494
279 2087
279 2201
279 2965
279 5563
279 12519
279 32153
279 81500
279 165180
279 252330
279 279477
279 218108
279 121917
279 53714
279 21313
279 9063
279 4917
280 3269
280 2271
280 2030
280 2557
280 3253
280 4603
280 8154
280 14819
280 22206
280 24024
280 18560
280 11160
280 5937
280 3342
280 2477
280 2174
281 2330
281 2599
281 2747
281 3513
281 6711
281 17011
281 39981
281 73781
281 96031
281 86574
281 57249
281 30703
281 14469
281 6678
281 3178
281 1832
282 1427
282 1462
282 1777
282 2010
282 1864
282 2277
282 4177
282 7180
282 9782
282 9949
282 7208
282 3943
282 2352
282 1890
282 1577
282 1404
283 1291
283 1477
283 2050
283 2959
283 5411
283 12497
283 27735
283 52275
283 75616
283 77040
283 54314
283 28286
283 12405
283 5245
283 2793
283 2598
284 3083
284 2916
284 2232
284 1895
284 2212
284 3401
284 6081
284 10387
284 14200
284 14077
284 10081
284 5637
284 2944
284 2229
284 2833
284 3127
285 2545
285 2332
285 3512
285 5790
285 11973
285 29439
285 68621
285 124309
285 158086
285 138399
285 85988
285 41365
285 18000
285 7709
285 3269
285 1745
286 1323
286 1617
286 2594
286 3439
286 3832
286 4763
286 6868
286 10105
286 12462
286 10946
286 6841
286 4021
286 2755
286 1916
286 1922
286 2770
287 3456
287 3656
287 3734
287 4094
287 4933
287 8662
287 19781
287 36742
287 51026
287 52460
287 38774
287 21287
287 10742
287 6411
287 4909
287 4901
288 5351
288 5025
288 4195
288 3837
288 3881
288 4313
288 7021
288 13095
288 18374
288 18341
288 13725
288 8044
288 4434
288 3180
288 2772
288 2686
289 2538
289 2400
289 2844
289 4897
289 11129
289 28584
289 72755
289 155763
289 243147
289 262833
289 197225
289 107376
289 47390
289 19957
289 8702
289 4642
290 3238
290 2264
290 1514
290 1209
290 1881
290 4198
290 8946
290 17430
290 28141
290 32056
290 24520
290 14270
290 8133
290 4428
290 2412
290 1933
291 1791
291 1766
291 1920
291 1937
291 2042
291 3470
291 7833
291 15762
291 24102
291 26095
291 20036
291 11683
291 6037
291 3429
291 2198
291 1552
292 1669
292 2000
292 1849
292 1436
292 1465
292 1764
292 2433
292 3861
292 5071
292 4796
292 3648
292 2632
292 2106
292 1958
292 2075
292 2226
293 2327
293 2852
293 4775
293 9075
293 20242
293 51937
293 132417
293 283218
293 459152
293 537474
293 449583
293 276571
293 134887
293 57380
293 23765
293 11118
294 6227
294 4080
294 2724
294 2250
294 3073
294 5756
294 11595
294 22854
294 38239
294 46670
294 39935
294 25174
294 12846
294 6673
294 4895
294 3768
295 2312
295 1818
295 2628
295 3624
295 4121
295 7614
295 18742
295 35713
295 50413
295 53865
295 43734
295 27660
295 14640
295 7366
295 4214
295 3041
296 2802
296 3086
296 3231
296 2984
296 3051
296 3563
296 4043
296 5002
296 6222
296 6472
296 5706
296 4537
296 3256
296 2784
296 3069
296 2709
297 1941
297 2038
297 2790
297 3344
297 3853
297 6161
297 13106
297 23542
297 31161
297 31345
297 24535
297 14826
297 7277
297 3686
297 2685
297 2266
298 1687
298 1241
298 1216
298 1530
298 1967
298 3195
298 6753
298 12139
298 15991
298 15156
298 10500
298 5813
298 3091
298 1782
298 1515
298 1699
299 1657
299 1474
299 1441
299 1751
299 2908
299 5466
299 11045
299 19857
299 26470
299 25200
299 17626
299 9496
299 4535
299 2906
299 2738
299 2777
300 2755
300 2481
300 2388
300 2424
300 2137
300 1970
300 2176
300 2543
300 3096
300 3592
300 3578
300 3344
300 3468
300 3651
300 3449
300 2968
301 2576
301 2189
301 1826
301 2211
301 2858
301 3093
301 4128
301 7688
301 11494
301 11476
301 8234
301 4840
301 2782
301 2223
301 1847
301 1257
302 1168
302 1223
302 935
302 778
302 1173
302 1979
302 3366
302 5866
302 8071
302 7798
302 5506
302 3172
302 1849
302 1441
302 1237
302 1140
303 1277
303 1687
303 3000
303 6841
303 15868
303 39934
303 105895
303 242884
303 414593
303 501659
303 429369
303 265248
303 125227
303 51209
303 20766
303 9333
304 5549
304 4050
304 3380
304 3297
304 3726
304 5632
304 11247
304 22102
304 34794
304 40785
304 34859
304 22017
304 11317
304 5908
304 3920
304 3368
305 2894
305 2555
305 3355
305 5354
305 10167
305 23835
305 58824
305 130637
305 221004
305 264068
305 223303
305 140077
305 70148
305 31118
305 14552
305 7921
306 4856
306 3835
306 3170
306 2349
306 2579
306 4641
306 8806
306 16583
306 26017
306 29372
306 23826
306 14860
306 7659
306 3786
306 2539
306 2175
307 1803
307 1827
307 3104
307 6155
307 14669
307 37827
307 91675
307 192983
307 311606
307 357647
307 288557
307 169400
307 78815
307 33555
307 15133
307 7994
308 5249
308 3749
308 2911
308 2846
308 3160
308 4650
308 9520
308 17888
308 26296
308 29023
308 24243
308 16051
308 8844
308 4399
308 2657
308 2208
309 2353
309 2729
309 2753
309 2292
309 2217
309 3281
309 6249
309 11581
309 17696
309 19931
309 15498
309 8662
309 4403
309 2651
309 2241
309 2230
310 1783
310 1262
310 1203
310 1422
310 1715
310 1834
310 2142
310 2852
310 3251
310 3112
310 2572
310 1901
310 1512
310 1645
310 2130
310 2221
311 1650
311 1195
311 1532
311 2755
311 4708
311 8373
311 16652
311 29572
311 41683
311 45629
311 37214
311 22675
311 11965
311 6533
311 3783
311 2765
312 2824
312 3094
312 3010
312 2867
312 2803
312 2884
312 3233
312 3999
312 5642
312 6842
312 5812
312 4217
312 3744
312 4071
312 4672
312 4868
313 4846
313 5539
313 7003
313 10041
313 19496
313 46586
313 115238
313 255613
313 436070
313 525653
313 441431
313 267369
313 126700
313 52751
313 22413
313 10720
314 5415
314 3176
314 2502
314 2508
314 3236
314 5200
314 9640
314 18354
314 29603
314 35166
314 29639
314 17991
314 8175
314 3596
314 2568
314 2284
315 1925
315 1652
315 1702
315 2009
315 1971
315 1576
315 1611
315 2084
315 2251
315 2058
315 1856
315 1780
315 1815
315 1806
315 1654
315 1272
316 888
316 670
316 571
316 707
316 1003
316 1699
316 3646
316 6645
316 8638
316 8028
316 5525
316 3203
316 1961
316 1291
316 937
316 1007
317 1075
317 992
317 799
317 528
317 356
317 434
317 608
317 841
317 1391
317 2085
317 2141
317 1755
317 1754
317 1830
317 1658
317 1594
318 1365
318 835
318 622
318 928
318 1148
318 915
318 788
318 994
318 1089
318 1013
318 813
318 751
318 1003
318 1205
318 1289
318 1466
319 1395
319 942
319 596
319 796
319 1338
319 1924
319 3120
319 5863
319 9861
319 12105
319 10167
319 6020
319 3046
319 1854
319 1463
319 1252
320 1237
320 1331
320 1348
320 1291
320 1370
320 1896
320 3149
320 5198
320 6895
320 6589
320 4920
320 3549
320 2692
320 2419
320 2696
320 3237
321 3839
321 5161
321 8302
321 17724
321 41750
321 97844
321 240902
321 556419
321 981948
321 1219773
321 1065747
321 677127
321 332571
321 140166
321 58370
321 27003
322 14350
322 8770
322 6422
322 5967
322 7230
322 11168
322 21556
322 42028
322 69321
322 85972
322 76104
322 49396
322 26353
322 13073
322 6909
322 4773
323 4152
323 3712
323 4479
323 8765
323 20113
323 48327
323 121291
323 275847
323 498047
323 663187
323 633648
323 437508
323 229366
323 101140
323 42484
323 18697
324 9709
324 5966
324 4067
324 3233
324 3203
324 4413
324 9748
324 22221
324 38953
324 50483
324 48253
324 33822
324 18482
324 9679
324 5726
324 3514
325 2491
325 2589
325 3279
325 4221
325 7216
325 17983
325 48112
325 109991
325 186534
325 224371
325 192780
325 121716
325 60509
325 27961
325 14259
325 8368
326 5688
326 4163
326 3387
326 3371
326 3689
326 4521
326 6701
326 10378
326 15286
326 18955
326 17666
326 12357
326 7259
326 4200
326 2728
326 2251
327 2362
327 2551
327 2400
327 2053
327 1846
327 1537
327 1256
327 1307
327 1653
327 1976
327 1899
327 1524
327 1161
327 1069
327 1246
327 1207
328 1105
328 1190
328 1207
328 1341
328 1704
328 1822
328 1753
328 2019
328 2533
328 2500
328 2003
328 1766
328 1841
328 1959
328 1992
328 1971
329 2153
329 2112
329 1680
329 1298
329 1099
329 1251
329 1851
329 2449
329 3066
329 3662
329 3582
329 3359
329 3276
329 3187
329 3615
329 4160
330 4238
330 3980
330 3005
330 1924
330 1697
330 1836
330 1825
330 2122
330 2968
330 3475
330 2802
330 1781
330 1544
330 1902
330 2487
330 2602
331 2162
331 2488
331 3988
331 6599
331 13076
331 33484
331 89428
331 201392
331 337538
331 398931
331 332067
331 203471
331 99977
331 42884
331 17462
331 8217
332 5208
332 3910
332 2933
332 2312
332 2355
332 3955
332 8447
332 16704
332 27228
332 33137
332 28646
332 17655
332 8325
332 3825
332 2335
332 1944
333 1907
333 2003
333 2071
333 1755
333 1307
333 1124
333 1187
333 1215
333 1084
333 1013
333 973
333 932
333 1152
333 1228
333 950
333 1033
334 1268
334 940
334 893
334 1400
334 1474
334 1495
334 2579
334 4724
334 6541
334 6606
334 5212
334 3414
334 1866
334 1178
334 1003
334 655
335 521
335 720
335 697
335 628
335 766
335 825
335 841
335 1185
335 1801
335 2066
335 1674
335 1012
335 817
335 1011
335 997
335 860
336 868
336 829
336 796
336 831
336 806
336 771
336 982
336 1321
336 1324
336 988
336 798
336 926
336 1246
336 1522
336 1451
336 1262
337 1387
337 1917
337 3036
337 4620
337 5902
337 6627
337 7423
337 9081
337 11131
337 12270
337 11726
337 9186
337 5672
337 3195
337 2273
337 1971
338 1745
338 1644
338 1532
338 1404
338 1661
338 1934
338 1956
338 2886
338 4465
338 4957
338 4704
338 4410
338 3993
338 3841
338 4222
338 5446
339 7301
339 10405
339 18354
339 40637
339 97595
339 235932
339 582071
339 1320637
339 2384728
339 3158590
339 3003693
339 2085949
339 1116628
339 503591
339 210348
339 88754
340 42297
340 23363
340 14750
340 11252
340 11937
340 19520
340 39582
340 83772
340 154943
340 213336
340 207731
340 146274
340 78877
340 35225
340 15358
340 7998
341 4561
341 2380
341 1478
341 1801
341 2671
341 3219
341 3530
341 5575
341 9972
341 13529
341 13352
341 10037
341 6032
341 3346
341 2140
341 1771
342 1765
342 1590
342 1479
342 1656
342 1478
342 997
342 803
342 971
342 1476
342 1887
342 1949
342 2217
342 2477
342 1931
342 1118
342 717
343 574
343 729
343 1051
343 1325
343 1679
343 2171
343 2916
343 4360
343 6350
343 7680
343 7005
343 4528
343 2242
343 1373
343 1249
343 1097
344 934
344 859
344 833
344 791
344 713
344 706
344 1063
344 1560
344 1779
344 1597
344 1139
344 806
344 729
344 614
344 523
344 601
345 614
345 479
345 375
345 306
345 312
345 466
345 698
345 1208
345 2142
345 2750
345 2519
345 2795
345 3759
345 3969
345 3769
345 3792
346 4368
346 4880
346 4115
346 3128
346 3059
346 3133
346 2806
346 2253
346 1927
346 1678
346 1613
346 2075
346 2494
346 2480
346 2387
346 2220
347 1974
347 1834
347 1738
347 1783
347 2181
347 2864
347 3664
347 4813
347 5990
347 5909
347 4548
347 3239
347 2535
347 2074
347 1698
347 1576
348 1551
348 1644
348 1776
348 1539
348 1439
348 1982
348 2389
348 2569
348 3079
348 3584
348 3858
348 4194
348 4620
348 5550
348 6805
348 8002
349 10906
349 18408
349 37008
349 78978
349 180720
349 445206
349 1094366
349 2337969
349 3860845
349 4658741
349 4069565
349 2633407
349 1336955
349 584993
349 249393
349 115207
350 58231
350 32034
350 21614
350 18651
350 21948
350 37647
350 81213
350 166247
350 271195
350 328730
350 290050
350 188387
350 95433
350 42068
350 18453
350 9449
351 6167
351 4333
351 3223
351 2935
351 2352
351 1552
351 1373
351 1416
351 1413
351 1319
351 1193
351 1578
351 2115
351 2167
351 1797
351 1451
352 1425
352 1435
352 1387
352 1491
352 1509
352 1494
352 1672
352 1778
352 1871
352 2142
352 2235
352 1948
352 1809
352 1974
352 1831
352 1352
353 1229
353 1365
353 1252
353 942
353 745
353 960
353 1801
353 2932
353 3723
353 3916
353 3476
353 2918
353 2472
353 1654
353 883
353 799
354 903
354 776
354 636
354 673
354 806
354 912
354 1016
354 1204
354 1266
354 1081
354 1164
354 1426
354 1384
354 1251
354 1180
354 1073
355 1160
355 1511
355 1724
355 1449
355 905
355 585
355 639
355 1122
355 1700
355 1667
355 1130
355 1048
355 1381
355 1301
355 845
355 710
356 936
356 1118
356 1343
356 1627
356 1535
356 1243
356 1106
356 1084
356 1454
356 1883
356 1759
356 1447
356 1288
356 1095
356 1009
356 1518
357 2221
357 2080
357 1516
357 1470
357 1838
357 2907
357 6118
357 12437
357 20511
357 26541
357 26297
357 19561
357 11395
357 6074
357 3419
357 2016
358 1436
358 1281
358 1085
358 1081
358 1244
358 1410
358 1830
358 2447
358 3055
358 3529
358 3445
358 3204
358 3007
358 2432
358 1853
358 1886
359 2056
359 1910
359 2049
359 2668
359 2717
359 2270
359 2510
359 3515
359 4051
359 3414
359 2557
359 2431
359 2964
359 3443
359 3400
359 2950
360 2935
360 3402
360 3297
360 2633
360 2266
360 2118
360 2252
360 2376
360 2263
360 2140
360 2182
360 2361
360 2236
360 1710
360 1301
360 1116
361 1193
361 1535
361 1675
361 1586
361 1528
361 1690
361 2084
361 2727
361 3152
361 2656
361 1987
361 1977
361 2122
361 2044
361 1715
361 1304
362 1246
362 1496
362 1572
362 1489
362 1558
362 1398
362 1058
362 984
362 990
362 947
362 841
362 618
362 431
362 534
362 902
362 1104
363 1035
363 951
363 920
363 915
363 754
363 657
363 909
363 1565
363 2679
363 3288
363 2818
363 2241
363 1964
363 1664
363 1322
363 930
364 650
364 713
364 894
364 899
364 933
364 965
364 778
364 595
364 1024
364 1591
364 1333
364 775
364 814
364 1040
364 1131
364 1226
365 1191
365 1135
365 1530
365 2192
365 2605
365 2620
365 2419
365 2332
365 2593
365 2998
365 3078
365 2993
365 2767
365 2077
365 1868
365 2310
366 2339
366 2091
366 2201
366 2434
366 2694
366 3571
366 4722
366 5753
366 7562
366 10440
366 12241
366 11010
366 9076
366 8694
366 8958
366 9778
367 12092
367 16615
367 26308
367 48638
367 103536
367 239703
367 559382
367 1192572
367 2043258
367 2587259
367 2366966
367 1596523
367 843039
367 384590
367 169639
367 80427
368 44125
368 26485
368 17145
368 15231
368 19906
368 30303
368 51360
368 94599
368 157236
368 197171
368 178060
368 120722
368 66028
368 31777
368 16290
368 9792
369 6404
369 4745
369 3762
369 2935
369 2529
369 2893
369 3065
369 2382
369 1594
369 1476
369 1751
369 1900
369 1873
369 1515
369 1106
369 1385
370 1818
370 1671
370 1307
370 1327
370 1487
370 1378
370 1389
370 1760
370 1939
370 2012
370 2140
370 2246
370 2349
370 2859
370 4864
370 8142
371 10106
371 9817
371 8183
371 6047
371 4590
371 4022
371 3812
371 3808
371 3548
371 3252
371 3229
371 2988
371 2542
371 2063
371 1582
371 1529
372 1966
372 2190
372 1822
372 1353
372 1248
372 1403
372 1641
372 1881
372 1888
372 1607
372 1273
372 1216
372 1259
372 1313
372 1447
372 1584
373 1651
373 1472
373 1114
373 1004
373 1125
373 1170
373 1316
373 1612
373 1853
373 2355
373 2815
373 2395
373 1610
373 1292
373 1227
373 1143
374 1263
374 1538
374 1727
374 2042
374 2459
374 2455
374 1911
374 1539
374 1632
374 2165
374 2672
374 2626
374 2483
374 2708
374 3038
374 3249
375 3196
375 3383
375 3612
375 3214
375 2651
375 2664
375 3039
375 3501
375 3936
375 4054
375 3737
375 3454
375 3780
375 3971
375 3438
375 2945
376 2749
376 2620
376 2482
376 2453
376 2638
376 3152
376 3708
376 3174
376 2375
376 2943
376 4132
376 4652
376 4237
376 3402
376 2526
376 2041
377 2388
377 2805
377 2509
377 2098
377 1947
377 1651
377 1466
377 1887
377 2985
377 4340
377 5127
377 5583
377 5427
377 4285
377 3648
377 3776
378 3501
378 3193
378 2978
378 2552
378 2475
378 2566
378 2252
378 1910
378 1730
378 1902
378 2620
378 2856
378 2416
378 2310
378 2938
378 3385
379 2711
379 1487
379 1214
379 1748
379 1993
379 1738
379 1818
379 2039
379 1886
379 1621
379 1373
379 1208
379 1146
379 827
379 558
379 605
380 1005
380 1609
380 1654
380 1159
380 862
380 879
380 1106
380 1282
380 1126
380 869
380 744
380 758
380 869
380 1054
380 1374
380 1889
381 2384
381 2701
381 3609
381 5881
381 10258
381 18488
381 38520
381 80139
381 140780
381 189137
381 184962
381 133333
381 76820
381 38816
381 18193
381 8876
382 5504
382 4072
382 3000
382 2333
382 1914
382 2107
382 3285
382 5668
382 9541
382 13487
382 14454
382 11503
382 7253
382 4452
382 3094
382 2418
383 2205
383 2368
383 2416
383 2055
383 1953
383 3041
383 4927
383 7896
383 12361
383 16699
383 17498
383 14003
383 8857
383 4699
383 2399
383 1552
384 1434
384 1954
384 2098
384 1836
384 2063
384 2510
384 3121
384 4571
384 7441
384 9842
384 9110
384 6438
384 4276
384 3208
384 2959
384 2793
385 3162
385 4622
385 7231
385 12767
385 24075
385 46912
385 100059
385 209560
385 362018
385 469022
385 444920
385 314076
385 172064
385 78362
385 33635
385 15852
386 8436
386 5108
386 4023
386 4232
386 4910
386 6446
386 10864
386 20581
386 34375
386 45157
386 43991
386 30799
386 16363
386 8219
386 4729
386 3265
387 2813
387 2797
387 3033
387 2930
387 2373
387 1929
387 1728
387 1685
387 1725
387 1690
387 1698
387 1887
387 2170
387 2143
387 1834
387 1871
388 2294
388 2515
388 2247
388 1648
388 1322
388 1637
388 2002
388 2125
388 2509
388 3023
388 2990
388 2552
388 2283
388 2244
388 1994
388 1514
389 1262
389 1234
389 1153
389 983
389 910
389 1116
389 1318
389 1492
389 1692
389 1795
389 1752
389 1454
389 1047
389 849
389 825
389 1051
390 1378
390 1318
390 1238
390 1789
390 2481
390 2690
390 2911
390 3538
390 4383
390 5342
390 6448
390 7359
390 7476
390 7024
390 6872
390 6865
391 7099
391 8653
391 11404
391 14557
391 19026
391 26851
391 39797
391 59752
391 86179
391 106837
391 106244
391 83305
391 51051
391 24921
391 11313
391 6007
392 4751
392 5800
392 6830
392 7024
392 7943
392 9499
392 11525
392 16148
392 23387
392 29514
392 29834
392 23445
392 14200
392 6701
392 2991
392 2107
393 1880
393 1752
393 1800
393 1905
393 2248
393 2693
393 3313
393 4856
393 6592
393 6877
393 5889
393 4747
393 3712
393 2948
393 2736
393 2819
394 2867
394 3582
394 4799
394 5062
394 4222
394 3335
394 2999
394 3098
394 2903
394 2725
394 3023
394 3485
394 3366
394 2619
394 2133
394 2142
395 2082
395 1982
395 1827
395 1805
395 1858
395 1818
395 1922
395 2170
395 2260
395 2346
395 2352
395 2042
395 1713
395 1617
395 1476
395 1335
396 1710
396 2130
396 2004
396 1907
396 1784
396 1430
396 1846
396 2648
396 2605
396 2022
396 1672
396 1446
396 1049
396 753
396 782
396 1019
397 1759
397 2560
397 2785
397 2726
397 2470
397 2157
397 1917
397 1616
397 1523
397 1556
397 1369
397 1345
397 1691
397 1916
397 2281
397 2784
398 2313
398 1501
398 2031
398 3387
398 3675
398 2870
398 2391
398 2214
398 1775
398 1594
398 1665
398 1398
398 1367
398 1934
398 2311
398 2393
399 2502
399 2320
399 2625
399 4758
399 8222
399 14187
399 27795
399 55882
399 98252
399 136774
399 144727
399 114309
399 68056
399 33020
399 14942
399 6962
400 3476
400 1811
400 1287
400 1298
400 1404
400 1756
400 2644
400 4037
400 6802
400 10782
400 12803
400 11271
400 7984
400 5097
400 3414
400 2540
401 1993
401 1672
401 1682
401 1743
401 1318
401 1035
401 1269
401 1669
401 2160
401 2286
401 1906
401 1593
401 1280
401 840
401 593
401 503
402 353
402 337
402 611
402 805
402 763
402 899
402 1157
402 1479
402 1856
402 1981
402 1998
402 1910
402 1614
402 1397
402 1406
402 1579
403 1601
403 1218
403 831
403 687
403 1107
403 1848
403 1881
403 1199
403 903
403 1084
403 1118
403 783
403 486
403 571
403 952
403 1026
404 721
404 537
404 582
404 648
404 771
404 927
404 961
404 949
404 1087
404 1083
404 823
404 589
404 489
404 390
404 304
404 418
405 621
405 628
405 605
405 582
405 488
405 415
405 388
405 503
405 583
405 429
405 366
405 450
405 493
405 446
405 433
405 696
406 958
406 924
406 1095
406 1695
406 2434
406 2713
406 2325
406 1860
406 1821
406 1815
406 1536
406 1515
406 1664
406 1340
406 1198
406 1884
407 2768
407 3286
407 3649
407 3819
407 3189
407 2309
407 2168
407 2325
407 2257
407 2136
407 1864
407 1502
407 1255
407 1107
407 1117
407 1143
408 1046
408 1154
408 2060
408 2836
408 2563
408 2059
408 1805
408 1445
408 1277
408 1430
408 1788
408 2067
408 2035
408 1963
408 2243
408 2707
409 3096
409 3301
409 4510
409 8551
409 15616
409 29069
409 60573
409 120215
409 201456
409 267964
409 269689
409 201934
409 116302
409 56522
409 26206
409 12455
410 6327
410 3956
410 2905
410 2115
410 2180
410 3803
410 6986
410 11607
410 17267
410 21641
410 21946
410 17484
410 11113
410 6595
410 4395
410 2893
411 1697
411 977
411 725
411 538
411 448
411 591
411 680
411 704
411 930
411 978
411 683
411 463
411 570
411 1115
411 1851
411 2185
412 1916
412 1383
412 1064
412 975
412 916
412 1247
412 1957
412 2355
412 2232
412 2114
412 2392
412 2624
412 2330
412 2314
412 2826
412 2564
413 1571
413 1305
413 1905
413 2546
413 2883
413 2740
413 2968
413 3458
413 2916
413 1795
413 1125
413 745
413 692
413 822
413 1003
413 1067
414 1039
414 1096
414 1055
414 1211
414 1639
414 1673
414 1600
414 1711
414 1511
414 1295
414 1302
414 1503
414 1867
414 2102
414 2136
414 2111
415 1915
415 2115
415 2852
415 3180
415 2697
415 2310
415 2500
415 2586
415 2111
415 2054
415 2655
415 3096
415 2965
415 2633
415 2691
415 2978
416 2826
416 3079
416 4366
416 5052
416 4337
416 3291
416 2619
416 2546
416 2891
416 3137
416 3147
416 2873
416 2755
416 3062
416 2971
416 2311
417 2039
417 1908
417 1579
417 1546
417 1971
417 2386
417 2324
417 1922
417 1736
417 1825
417 1741
417 1319
417 1007
417 1121
417 1965
417 3010
418 3012
418 2155
418 1697
418 2044
418 2563
418 2431
418 1811
418 1616
418 2004
418 2384
418 2111
418 1391
418 1158
418 1427
418 1909
418 2677
419 3063
419 2720
419 2258
419 1856
419 1574
419 1616
419 1739
419 1755
419 1805
419 2088
419 3585
419 4984
419 4293
419 3069
419 2445
419 1762
420 1500
420 1521
420 1402
420 1434
420 1485
420 1360
420 1769
420 3008
420 3607
420 2838
420 2052
420 2193
420 2495
420 2399
420 2560
420 3042
421 3021
421 2714
421 2500
421 2124
421 1785
421 1777
421 1669
421 1177
421 721
421 610
421 739
421 905
421 1096
421 1222
421 1066
421 788
422 731
422 1122
422 1642
422 1649
422 1582
422 1734
422 1839
422 2011
422 1998
422 1626
422 1439
422 1825
422 2482
422 2876
422 2774
422 2466
423 2260
423 2137
423 1906
423 1861
423 1847
423 1550
423 1213
423 1286
423 1638
423 2103
423 2376
423 2114
423 1821
423 1902
423 2046
423 2175
424 2311
424 2315
424 2558
424 3101
424 3080
424 2303
424 1931
424 1984
424 1763
424 1338
424 1019
424 1046
424 1262
424 1185
424 1060
424 1137
425 1307
425 1557
425 1573
425 1529
425 1664
425 1444
425 888
425 586
425 477
425 408
425 643
425 962
425 912
425 663
425 488
425 594
426 795
426 849
426 938
426 1072
426 1200
426 1220
426 981
426 808
426 839
426 814
426 810
426 880
426 990
426 1638
426 2156
426 1770
427 1382
427 1319
427 1535
427 2590
427 5358
427 12479
427 29110
427 63114
427 115977
427 169756
427 186887
427 150258
427 92248
427 49405
427 24973
427 11673
428 6021
428 4218
428 3059
428 2309
428 2180
428 2413
428 3102
428 5420
428 10613
428 15973
428 17100
428 13926
428 9131
428 4812
428 2356
428 1493
429 1150
429 1180
429 1132
429 729
429 671
429 1082
429 1446
429 1459
429 1411
429 1392
429 1094
429 742
429 1482
429 2612
429 2434
429 1516
430 1171
430 1289
430 1340
430 1255
430 1340
430 1303
430 1327
430 1764
430 1962
430 1762
430 1512
430 1268
430 1021
430 870
430 1180
430 1582
431 1730
431 3307
431 5081
431 4258
431 2458
431 1706
431 1718
431 2034
431 1997
431 1670
431 1532
431 1596
431 1671
431 1607
431 1391
431 1434
432 1793
432 1792
432 1597
432 1667
432 1649
432 1500
432 1562
432 1535
432 1404
432 1827
432 2687
432 3241
432 2870
432 1835
432 1213
432 1459
433 2140
433 3043
433 3733
433 3827
433 3613
433 3395
433 3352
433 3799
433 4384
433 4686
433 4505
433 3804
433 3100
433 2599
433 2140
433 1759
434 1913
434 2682
434 3064
434 2626
434 2214
434 2409
434 2935
434 2890
434 2481
434 2600
434 2876
434 3045
434 3081
434 2540
434 1762
434 1769
435 2434
435 2945
435 3099
435 2844
435 2311
435 2176
435 2370
435 2361
435 2262
435 2179
435 1969
435 1820
435 2116
435 2373
435 2187
435 2043
436 2012
436 1568
436 972
436 789
436 940
436 1141
436 1353
436 1334
436 1130
436 1106
436 1177
436 1274
436 1385
436 1226
436 849
436 574
437 675
437 991
437 988
437 792
437 857
437 931
437 742
437 526
437 769
437 1445
437 1803
437 1489
437 1044
437 738
437 603
437 875
438 1538
438 1874
438 1655
438 1477
438 1642
438 1870
438 2073
438 2187
438 2167
438 2138
438 2129
438 1995
438 1893
438 1996
438 2493
438 2896
439 2419
439 1673
439 1474
439 1754
439 2196
439 2340
439 2229
439 2125
439 1949
439 1960
439 2520
439 3012
439 2853
439 2337
439 1964
439 1909
440 1828
440 1446
440 1296
440 1436
440 1696
440 1929
440 1759
440 1327
440 1064
440 1172
440 1638
440 1820
440 1525
440 1335
440 1639
440 1888
441 1632
441 1558
441 1627
441 1367
441 1184
441 1040
441 920
441 1115
441 1242
441 1207
441 1297
441 1423
441 1424
441 1428
441 1302
441 1112
442 1197
442 1527
442 1901
442 1972
442 1721
442 2025
442 2501
442 2172
442 1689
442 1534
442 1236
442 912
442 888
442 1285
442 1721
442 1578
443 1243
443 1390
443 1629
443 1719
443 1613
443 1417
443 1390
443 1405
443 1575
443 2006
443 2061
443 1788
443 1826
443 1944
443 1768
443 1483
444 1049
444 809
444 1015
444 1142
444 1122
444 1033
444 950
444 1104
444 1376
444 1382
444 1339
444 1565
444 1669
444 1521
444 1354
444 1118
445 1062
445 1486
445 2544
445 5007
445 11493
445 25693
445 58395
445 129145
445 243952
445 363634
445 411755
445 349814
445 228479
445 123372
445 61661
445 31358
446 16904
446 10137
446 7189
446 5925
446 5998
446 7470
446 10209
446 13534
446 17895
446 22546
446 24824
446 22334
446 15606
446 8962
446 5407
446 3582
447 2384
447 1766
447 1461
447 1340
447 1256
447 1089
447 1217
447 1781
447 2012
447 1587
447 1102
447 763
447 516
447 618
447 1135
447 1535
448 1266
448 716
448 968
448 1488
448 1153
448 577
448 924
448 1577
448 1555
448 1156
448 979
448 803
448 599
448 820
448 1348
448 1642
449 1591
449 1348
449 1119
449 985
449 1043
449 1363
449 1621
449 1727
449 1973
449 2749
449 3342
449 2814
449 2176
449 2516
449 3126
449 3417
450 3556
450 3443
450 3025
450 2563
450 1963
450 1372
450 1143
450 1615
450 2193
450 2329
450 2316
450 2127
450 1690
450 1442
450 1228
450 942
451 828
451 793
451 989
451 1373
451 1488
451 1733
451 2046
451 1704
451 1100
451 795
451 870
451 971
451 860
451 855
451 1065
451 1233
452 1164
452 1060
452 1106
452 1114
452 940
452 752
452 701
452 872
452 1059
452 1022
452 971
452 1116
452 1242
452 1379
452 1524
452 1426
453 1316
453 1224
453 989
453 903
453 1122
453 1603
453 2467
453 2945
453 2650
453 2212
453 2003
453 2043
453 2284
453 2385
453 2268
453 2223
454 2522
454 2599
454 2298
454 2306
454 2378
454 2358
454 2467
454 2597
454 2769
454 2785
454 2506
454 2291
454 2064
454 1901
454 1938
454 1927
455 1881
455 1995
455 2286
455 2616
455 2485
455 2129
455 2347
455 2674
455 2416
455 2283
455 2367
455 2286
455 2047
455 1644
455 1375
455 1530
456 1581
456 1348
456 1100
456 1127
456 1341
456 1678
456 2158
456 2419
456 1973
456 1429
456 1357
456 1434
456 1461
456 1547
456 1812
456 2011
457 1757
457 1398
457 1231
457 1121
457 1178
457 1201
457 1207
457 1376
457 1302
457 1029
457 971
457 932
457 983
457 1250
457 1343
457 1077
458 830
458 968
458 1184
458 1114
458 965
458 984
458 1262
458 1479
458 1375
458 1189
458 918
458 674
458 711
458 957
458 1205
458 1293
459 1347
459 1474
459 1541
459 1390
459 1505
459 2124
459 2243
459 1522
459 777
459 343
459 250
459 383
459 488
459 579
459 714
459 749
460 647
460 533
460 549
460 707
460 955
460 1003
460 797
460 961
460 1418
